#  286.997  -0.345   1.425 ;Mean Elev.(m), Avg Gradient(m/km), RMS Gradient(m/km) - SRTM1     
#  274.139  -0.973   6.139 ;Mean Elev.(m), Avg Gradient(m/km), RMS Gradient(m/km) - ASTER GDEM
#  286.995  -0.322   0.824 ;Mean Elev.(m), Avg Gradient(m/km), RMS Gradient(m/km) - GMTED2010 
  31   290.207 54963.22024324 48.04  16.793885  -1.366146   -100  257.04  264.07  254.65
  31   290.199 54963.22024383 52.11  16.794777  -1.368648   -100  257.04  264.07  254.65
  31   290.161 54963.22024442 54.05  16.795670  -1.371149   -100  257.04  264.07  254.65
  31   290.154 54963.22024501 53.77  16.796562  -1.373650   -100  257.04  264.07  254.65
  31   290.152 54963.22024560 52.75  16.797455  -1.376152   -100  257.04  264.07  254.65
  31   290.155 54963.22024619 55.77  16.798347  -1.378653   -100  257.04  264.07  254.65
  31   290.127 54963.22024678 52.07  16.799240  -1.381154   -100  257.04  264.07  254.65
  31   290.045 54963.22024737 54.93  16.800132  -1.383656  6.722  257.04  264.07  254.65
  31   289.979 54963.22024796 52.08  16.801025  -1.386157 10.783  255.64  262.92  253.66
  31   290.074 54963.22024855 54.14  16.801917  -1.388658  1.455  255.64  262.92  253.66
  34   290.475 54992.96718580 49.31  16.790350  -1.367721   -100  260.16  266.86  257.58
  34   290.378 54992.96718639 50.92  16.791242  -1.370222   -100  260.16  266.86  257.58
  34   290.363 54992.96718698 51.65  16.792134  -1.372724  0.608  260.16  266.86  257.58
  34   290.434 54992.96718757 51.11  16.793027  -1.375225   -100  260.16  266.86  257.58
  34   290.471 54992.96718816 54.28  16.793919  -1.377727   -100  260.16  266.86  257.58
  34   290.461 54992.96718875 54.29  16.794811  -1.380228   -100  258.20  264.94  255.45
  34   290.403 54992.96718934 55.31  16.795704  -1.382729   -100  258.20  264.94  255.45
  34   290.373 54992.96718993 55.69  16.796596  -1.385231  2.360  258.20  264.94  255.45
  34   290.093 54992.96719052 55.10  16.797488  -1.387732 22.141  258.20  264.94  255.45
  34   290.048 54992.96719111 52.92  16.798381  -1.390234 28.468  258.20  264.94  255.45
  34   290.058 54992.96719170 56.16  16.799273  -1.392735 27.157  258.20  264.94  255.45
  34   290.061 54992.96719229 54.87  16.800165  -1.395237 25.046  258.20  264.94  255.45
  35   290.192 55002.88283192 48.92  16.790412  -1.368915   -100  255.53  260.50  252.33
  35   290.166 55002.88283251 52.07  16.791305  -1.371417 11.239  255.53  260.50  252.33
  35   290.117 55002.88283310 54.24  16.792197  -1.373918   -100  255.53  260.50  252.33
  35   290.100 55002.88283369 57.30  16.793089  -1.376420   -100  255.53  260.50  252.33
  35   290.087 55002.88283428 57.30  16.793981  -1.378921   -100  255.53  260.50  252.33
  35   290.063 55002.88283546 58.32  16.795766  -1.383925   -100  255.53  260.50  252.33
  35   290.050 55002.88283605 58.32  16.796658  -1.386426   -100  255.53  260.50  252.33
  36   289.975 55012.79847569 50.24  16.789184  -1.368498   -100  256.27  260.39  253.37
  36   289.910 55012.79847628 51.88  16.790076  -1.370999   -100  256.27  260.39  253.37
  36   289.866 55012.79847687 56.20  16.790968  -1.373501 20.439  256.27  260.39  253.37
  36   289.855 55012.79847746 57.27  16.791860  -1.376002 32.383  256.27  260.39  253.37
  36   289.853 55012.79847805 58.30  16.792753  -1.378504   -100  256.27  260.39  253.37
  36   289.854 55012.79847864 58.32  16.793645  -1.381006   -100  256.27  260.39  253.37
  36   289.871 55012.79848041 57.11  16.796322  -1.388510 13.476  256.27  260.39  253.37
  36   289.846 55012.79848100 56.77  16.797214  -1.391012 27.419  256.27  260.39  253.37
  36   289.834 55012.79848218 56.53  16.798999  -1.396015 23.507  256.27  260.39  253.37
  37   290.505 55022.71411837 48.88  16.788479  -1.369000 28.561  260.36  264.76  257.61
  37   289.976 55022.71411896 50.92  16.789371  -1.371501   -100  258.14  262.27  255.03
  37   289.983 55022.71411955 55.49  16.790263  -1.374003 15.741  258.14  262.27  255.03
  37   289.995 55022.71412014 52.84  16.791156  -1.376505 10.334  258.14  262.27  255.03
  37   290.004 55022.71412074 53.69  16.792048  -1.379006 12.283  258.14  262.27  255.03
  37   290.013 55022.71412133 52.57  16.792941  -1.381508  3.712  258.14  262.27  255.03
  37   290.026 55022.71412192 51.42  16.793833  -1.384009   -100  258.14  262.27  255.03
  37   290.032 55022.71412251 54.94  16.794725  -1.386511   -100  258.14  262.27  255.03
  37   290.038 55022.71412310 55.20  16.795618  -1.389013   -100  258.14  262.27  255.03
  37   290.008 55022.71412369 52.25  16.796510  -1.391514   -100  258.14  262.27  255.03
  37   289.941 55022.71412428 52.76  16.797402  -1.394016  1.703  258.14  262.27  255.03
  37   289.951 55022.71412487 54.33  16.798295  -1.396518  0.905  258.14  262.27  255.03
  46   290.559 55111.95491150 41.65  16.785969  -1.368877   -100  253.37  261.07  250.53
  46   290.506 55111.95491209 32.12  16.786861  -1.371379 19.321  253.37  261.07  250.53
  46   290.440 55111.95491268 27.46  16.787754  -1.373880  7.829  253.37  261.07  250.53
  46   290.257 55111.95491327 27.20  16.788646  -1.376382  6.553  253.37  261.07  250.53
  46   290.171 55111.95491386 26.65  16.789539  -1.378884  6.126  253.37  261.07  250.53
  46   290.073 55111.95491445 27.29  16.790431  -1.381385  7.881  253.37  261.07  250.53
  46   290.682 55111.95491504 26.00  16.791324  -1.383887  5.439  253.37  261.07  250.53
  46   290.548 55111.95491563 28.88  16.792216  -1.386389 10.939  253.37  261.07  250.53
  46   290.567 55111.95491622 26.05  16.793108  -1.388891  5.814  253.37  261.07  250.53
  46   290.497 55111.95491681 26.17  16.794001  -1.391392  6.697  253.37  261.07  250.53
  46   290.315 55111.95491740 29.30  16.794893  -1.393894 12.364  253.37  261.07  250.53
  46   290.383 55111.95491799 29.50  16.795786  -1.396396 12.538  253.37  261.07  250.53
  46   290.258 55111.95491858 33.51  16.796678  -1.398897 22.999 -100.00 -100.00 -100.00
  47   290.986 55121.87055507 35.14  16.787443  -1.368793 22.037  251.83  260.17  248.52
  47   290.683 55121.87055566 29.85  16.788336  -1.371295 10.343  251.83  260.17  248.52
  47   290.576 55121.87055625 27.30  16.789228  -1.373797  6.184  251.83  260.17  248.52
  47   290.280 55121.87055684 26.69  16.790121  -1.376299  5.483  251.83  260.17  248.52
  47   290.267 55121.87055743 26.23  16.791013  -1.378800  5.136  251.83  260.17  248.52
  47   290.448 55121.87055802 26.16  16.791905  -1.381302  5.001  251.83  260.17  248.52
  47   290.931 55121.87055861 27.05  16.792798  -1.383804  6.150  251.83  260.17  248.52
  47   290.955 55121.87055920 28.35  16.793690  -1.386305  7.557  251.83  260.17  248.52
  47   290.796 55121.87055979 28.62  16.794583  -1.388807  8.391  251.83  260.17  248.52
  47   290.695 55121.87056038 27.76  16.795475  -1.391309  8.038  251.83  260.17  248.52
  47   290.505 55121.87056097 31.34  16.796368  -1.393810 14.006  251.83  260.17  248.52
  47   290.824 55121.87056156 32.39  16.797260  -1.396312 14.521  251.83  260.17  248.52
  47   290.626 55121.87056215 34.90  16.798153  -1.398814 24.143  251.83  260.17  248.52
  48   291.198 55131.78619579 52.94  16.788911  -1.368650  1.776  247.35  255.21  243.01
  48   290.938 55131.78619638 54.21  16.789804  -1.371152 19.752  247.35  255.21  243.01
  48   291.169 55131.78619698 55.11  16.790696  -1.373654  5.858  247.35  255.21  243.01
  48   291.074 55131.78619757 54.16  16.791589  -1.376155 12.544  247.35  255.21  243.01
  48   290.988 55131.78619816 55.52  16.792481  -1.378657 19.597  247.35  255.21  243.01
  48   290.947 55131.78619875 56.32  16.793374  -1.381159 30.445  247.35  255.21  243.01
  48   290.928 55131.78619934 53.40  16.794266  -1.383660 32.539  247.35  255.21  243.01
  48   290.911 55131.78619993 55.06  16.795159  -1.386162   -100  247.35  255.21  243.01
  48   290.920 55131.78620052 55.23  16.796051  -1.388664 29.702  247.35  255.21  243.01
  48   290.967 55131.78620111 55.14  16.796944  -1.391165 19.031  247.35  255.21  243.01
  48   290.931 55131.78620170 56.26  16.797836  -1.393667 23.156  247.35  255.21  243.01
  48   290.911 55131.78620229 56.32  16.798729  -1.396168 26.256  247.35  255.21  243.01
  49   291.309 55141.70183475 45.04  16.789555  -1.369181   -100  242.23  251.13  236.59
  49   291.314 55141.70183534 51.99  16.790447  -1.371683 22.896  242.23  251.13  236.59
  49   291.470 55141.70183593 48.94  16.791340  -1.374184  1.893  242.23  251.13  236.59
  49   291.461 55141.70183652 47.27  16.792232  -1.376686  0.611  242.23  251.13  236.59
  49   291.426 55141.70183711 51.14  16.793125  -1.379187 10.921  242.23  251.13  236.59
  49   291.421 55141.70183770 50.01  16.794018  -1.381689  8.618  242.23  251.13  236.59
  49   291.462 55141.70183829 52.12  16.794910  -1.384191 10.007  242.23  251.13  236.59
  49   291.326 55141.70183888 52.25  16.795803  -1.386692 20.810  242.24  251.43  237.69
  49   291.300 55141.70183947 53.28  16.796695  -1.389194 32.563  242.24  251.43  237.69
  49   291.280 55141.70184006 48.73  16.797588  -1.391695 25.855  242.24  251.43  237.69
  49   291.279 55141.70184065 52.91  16.798480  -1.394197 30.227  242.24  251.43  237.69
  49   291.297 55141.70184124 52.25  16.799373  -1.396699 21.848  242.24  251.43  237.69
  58   290.231 55230.94263556 50.29  16.786189  -1.370611 25.536  259.01  265.49  256.32
  58   290.232 55230.94263615 50.44  16.787081  -1.373112 21.373  257.30  263.93  255.43
  58   290.225 55230.94263674 44.87  16.787973  -1.375613   -100  257.30  263.93  255.43
  58   290.198 55230.94263733 40.70  16.788866  -1.378115   -100  257.30  263.93  255.43
  58   290.172 55230.94263792 37.02  16.789758  -1.380616 28.059  257.30  263.93  255.43
  58   290.164 55230.94263851 37.32  16.790650  -1.383117 27.687  257.30  263.93  255.43
  58   290.507 55230.94263910 38.90  16.791542  -1.385619 27.791  257.30  263.93  255.43
  58   290.380 55230.94263969 44.15  16.792434  -1.388120   -100  257.30  263.93  255.43
  58   290.260 55230.94264028 36.03  16.793327  -1.390621 23.376  257.30  263.93  255.43
  58   290.076 55230.94264087 35.39  16.794219  -1.393123 21.756  257.30  263.93  255.43
  58   290.241 55230.94264147 36.85  16.795111  -1.395624 24.397  257.30  263.93  255.43
  58   290.270 55230.94264206 41.72  16.796003  -1.398125   -100  257.30  263.93  255.43
  58   290.331 55230.94264265 41.72  16.796895  -1.400626   -100  257.30  263.93  255.43
  59   290.504 55240.85828016 50.27  16.786907  -1.370468   -100  260.74  267.42  257.39
  59   290.449 55240.85828075 51.01  16.787799  -1.372970   -100  260.74  267.42  257.39
  59   290.243 55240.85828134 54.16  16.788691  -1.375471  8.477  260.74  267.42  257.39
  59   290.143 55240.85828193 55.34  16.789583  -1.377972 14.933  260.74  267.42  257.39
  59   290.101 55240.85828252 56.38  16.790476  -1.380473 24.200  260.74  267.42  257.39
  59   290.093 55240.85828311 56.41  16.791368  -1.382975 28.859  260.74  267.42  257.39
  59   290.059 55240.85828370 57.41  16.792260  -1.385476   -100  260.74  267.42  257.39
  59   290.043 55240.85828429 54.63  16.793152  -1.387977   -100  260.74  267.42  257.39
  59   290.028 55240.85828488 55.47  16.794045  -1.390479   -100  259.63  266.56  256.55
  59   290.017 55240.85828547 55.27  16.794937  -1.392980 32.444  259.63  266.56  256.55
  59   290.001 55240.85828606 54.30  16.795829  -1.395481 31.285  259.63  266.56  256.55
  59   289.987 55240.85828665 56.43  16.796721  -1.397982   -100  259.63  266.56  256.55
  59   289.983 55240.85828724 55.34  16.797614  -1.400484 31.316  259.63  266.56  256.55
  60   290.034 55250.77392122 51.31  16.786581  -1.371106   -100  261.82  268.06  258.91
  60   289.987 55250.77392181 52.98  16.787473  -1.373608   -100  261.82  268.06  258.91
  60   289.958 55250.77392240 56.21  16.788366  -1.376109 16.981  261.82  268.06  258.91
  60   289.938 55250.77392299 55.29  16.789258  -1.378610 32.093  260.03  266.65  257.21
  60   289.935 55250.77392358 55.97  16.790150  -1.381111   -100  260.03  266.65  257.21
  60   289.934 55250.77392417 56.25  16.791042  -1.383613 32.169  260.03  266.65  257.21
  60   289.936 55250.77392476 56.08  16.791935  -1.386114 28.271  260.03  266.65  257.21
  60   289.940 55250.77392535 55.27  16.792827  -1.388615 22.270  260.03  266.65  257.21
  60   289.938 55250.77392594 50.02  16.793719  -1.391116 15.218  260.03  266.65  257.21
  60   289.947 55250.77392653 48.25  16.794612  -1.393618  5.291  260.03  266.65  257.21
  60   289.917 55250.77392712 42.91  16.795504  -1.396119   -100  260.03  266.65  257.21
  60   289.939 55250.77392771 50.13  16.796396  -1.398620   -100  260.03  266.65  257.21
  60   289.954 55250.77392830 49.36  16.797289  -1.401121   -100  260.03  266.65  257.21
  61   289.489 55260.68955987 31.82  16.785067  -1.370455 16.862  261.36  267.35  257.63
  61   289.301 55260.68956046 29.44  16.785959  -1.372956 12.245  261.36  267.35  257.63
  61   289.278 55260.68956105 25.32  16.786851  -1.375457  6.182  261.36  267.35  257.63
  61   289.093 55260.68956164 24.44  16.787744  -1.377958  5.233  261.36  267.35  257.63
  61   289.162 55260.68956223 23.73  16.788636  -1.380460  4.640  261.36  267.35  257.63
  61   289.598 55260.68956282 23.77  16.789529  -1.382961  4.542  261.36  267.35  257.63
  61   289.585 55260.68956341 29.89  16.790421  -1.385462 16.031  261.36  267.35  257.63
  61   289.705 55260.68956400 27.31  16.791313  -1.387963 11.077  261.36  267.35  257.63
  61   289.404 55260.68956459 23.47  16.792206  -1.390465  5.451  261.36  267.35  257.63
  61   289.218 55260.68956518 26.64  16.793098  -1.392966 11.321  261.36  267.35  257.63
  61   289.328 55260.68956577 27.18  16.793990  -1.395467 12.261  261.36  267.35  257.63
  61   289.435 55260.68956636 32.38  16.794883  -1.397968 24.546  261.36  267.35  257.63
  61   289.557 55260.68956695 33.38  16.795775  -1.400469 25.369  261.36  267.35  257.63
  70   290.536 55349.93033298 49.36  16.789452  -1.368787   -100  257.87  264.66  254.73
  70   290.508 55349.93033357 51.10  16.790344  -1.371288   -100  257.87  264.66  254.73
  70   290.452 55349.93033416 54.03  16.791236  -1.373790   -100  257.87  264.66  254.73
  70   290.210 55349.93033475 54.50  16.792129  -1.376291 12.676  257.87  264.66  254.73
  70   290.156 55349.93033534 58.37  16.793021  -1.378792 19.980  257.87  264.66  254.73
  70   290.121 55349.93033593 57.45  16.793913  -1.381294 28.471  257.87  264.66  254.73
  70   290.053 55349.93033770 56.97  16.796590  -1.388798   -100  257.87  264.66  254.73
  70   290.062 55349.93033829 57.47  16.797482  -1.391300   -100  257.87  264.66  254.73
  70   290.043 55349.93033888 57.49  16.798375  -1.393801   -100  257.87  264.66  254.73
  70   290.026 55349.93033947 57.88  16.799267  -1.396302   -100  257.87  264.66  254.73
  71   290.525 55359.84597411 50.24  16.790256  -1.366608   -100  256.17  262.76  253.06
  71   290.516 55359.84597470 49.07  16.791148  -1.369109   -100  256.17  262.76  253.06
  71   290.433 55359.84597529 53.24  16.792040  -1.371611 13.947  256.17  262.76  253.06
  71   290.429 55359.84597588 55.30  16.792933  -1.374112 19.616  256.17  262.76  253.06
  71   290.397 55359.84597648 56.52  16.793825  -1.376614   -100  256.17  262.76  253.06
  71   290.395 55359.84597707 57.50  16.794717  -1.379115   -100  256.17  262.76  253.06
  71   290.392 55359.84597766 57.49  16.795610  -1.381617   -100  256.17  262.76  253.06
  71   290.382 55359.84597825 53.71  16.796502  -1.384118   -100  256.17  262.76  253.06
  71   290.374 55359.84597943 56.51  16.798286  -1.389121   -100  256.17  262.76  253.06
  71   290.365 55359.84598002 57.02  16.799179  -1.391623   -100  256.17  262.76  253.06
  71   290.359 55359.84598061 54.82  16.800071  -1.394124 32.368 -100.00 -100.00 -100.00
  72   290.317 55369.76161380 48.32  16.791037  -1.367975   -100  261.11  266.60  257.74
  72   290.224 55369.76161439 52.13  16.791929  -1.370477  0.552  261.11  266.60  257.74
  72   290.188 55369.76161498 55.33  16.792821  -1.372979 21.705  261.11  266.60  257.74
  72   290.188 55369.76161557 56.47  16.793714  -1.375480 27.596  261.11  266.60  257.74
  72   290.184 55369.76161616 57.46  16.794606  -1.377982 30.734  261.11  266.60  257.74
  72   290.185 55369.76161675 57.43  16.795498  -1.380483 26.896  261.11  266.60  257.74
  72   290.178 55369.76161734 58.49  16.796391  -1.382985   -100  259.13  264.87  255.54
  72   290.172 55369.76161794 55.92  16.797283  -1.385486 32.404  259.13  264.87  255.54
  72   290.176 55369.76161912 56.59  16.799067  -1.390489 24.327  259.13  264.87  255.54
  72   290.184 55369.76161971 58.32  16.799960  -1.392991 15.518  259.13  264.87  255.54
  72   290.171 55369.76162030 54.75  16.800852  -1.395492 23.079  259.13  264.87  255.54
  73   290.078 55379.67725197 46.21  16.791325  -1.368495   -100  262.50  268.02  259.37
  73   290.083 55379.67725256 50.20  16.792217  -1.370996  2.261  262.50  268.02  259.37
  73   290.067 55379.67725315 53.37  16.793109  -1.373498 23.009  262.50  268.02  259.37
  73   290.081 55379.67725374 50.80  16.794002  -1.376000 14.518  262.50  268.02  259.37
  73   290.084 55379.67725433 55.39  16.794894  -1.378501 28.251  262.50  268.02  259.37
  73   290.111 55379.67725492 53.28  16.795786  -1.381003 11.461  262.50  268.02  259.37
  73   290.103 55379.67725551 55.39  16.796679  -1.383505 28.693  262.50  268.02  259.37
  73   290.114 55379.67725610 53.12  16.797571  -1.386006 17.009  262.50  268.02  259.37
  73   290.130 55379.67725669 55.63  16.798463  -1.388508 10.644  262.50  268.02  259.37
  73   290.135 55379.67725728 55.10  16.799356  -1.391009  5.607  262.50  268.02  259.37
  73   290.145 55379.67725787 53.86  16.800248  -1.393511  1.349 -100.00 -100.00 -100.00
  73   290.144 55379.67725846 49.26  16.801140  -1.396013   -100 -100.00 -100.00 -100.00
  82   290.890 55468.91804275 45.38  16.789644  -1.369144  2.615  251.70  257.59  248.33
  82   290.873 55468.91804334 42.94  16.790537  -1.371646   -100  251.70  257.59  248.33
  82   290.859 55468.91804393 41.39  16.791429  -1.374148   -100  251.70  257.59  248.33
  82   290.846 55468.91804452 37.93  16.792322  -1.376650   -100  251.70  257.59  248.33
  82   290.775 55468.91804511 43.99  16.793214  -1.379151  4.485  251.70  257.59  248.33
  82   290.738 55468.91804570 44.30  16.794107  -1.381653  2.232  250.35  256.66  248.06
  82   290.703 55468.91804629 39.69  16.794999  -1.384155   -100  250.35  256.66  248.06
  82   290.685 55468.91804688 41.03  16.795892  -1.386656   -100  250.35  256.66  248.06
  82   290.693 55468.91804747 45.50  16.796784  -1.389158  5.449  250.35  256.66  248.06
  82   290.617 55468.91804806 41.37  16.797677  -1.391660   -100  250.35  256.66  248.06
  82   290.601 55468.91804865 46.89  16.798569  -1.394162 19.692  250.35  256.66  248.06
  82   290.582 55468.91804924 45.36  16.799462  -1.396663  8.547  250.35  256.66  248.06
  83   291.088 55478.83368080 50.42  16.791593  -1.367040   -100  254.47  261.51  250.68
  83   290.980 55478.83368139 52.53  16.792486  -1.369542   -100  254.47  261.51  250.68
  83   290.970 55478.83368198 53.59  16.793378  -1.372043   -100  254.47  261.51  250.68
  83   290.970 55478.83368257 52.68  16.794271  -1.374545   -100  252.48  259.78  248.75
  83   290.967 55478.83368316 53.22  16.795164  -1.377047  0.889  252.48  259.78  248.75
  83   290.947 55478.83368375 55.95  16.796056  -1.379548  6.983  252.48  259.78  248.75
  83   290.950 55478.83368434 54.54  16.796949  -1.382050  4.133  252.48  259.78  248.75
  83   290.936 55478.83368493 55.47  16.797841  -1.384552 11.811  252.48  259.78  248.75
  83   290.945 55478.83368553 54.48  16.798734  -1.387054  3.057  252.48  259.78  248.75
  83   290.950 55478.83368612 55.34  16.799626  -1.389555   -100  252.48  259.78  248.75
  83   290.945 55478.83368671 55.20  16.800519  -1.392057   -100  252.48  259.78  248.75
  83   290.938 55478.83368730 51.94  16.801411  -1.394559   -100  252.48  259.78  248.75
  84   290.784 55488.74931657 50.14  16.793976  -1.367431 22.810  253.73  261.43  250.74
  84   290.765 55488.74931716 51.90  16.794868  -1.369933 30.243  253.73  261.43  250.74
  84   290.753 55488.74931776 48.26  16.795761  -1.372434 14.906  253.73  261.43  250.74
  84   290.734 55488.74931835 48.25  16.796653  -1.374936 21.228  253.73  261.43  250.74
  84   290.715 55488.74931894 49.82  16.797546  -1.377438 30.625  253.73  261.43  250.74
  84   290.671 55488.74931953 47.78  16.798438  -1.379939 20.993  253.73  261.43  250.74
  84   290.655 55488.74932012 50.59  16.799331  -1.382441 31.728  253.73  261.43  250.74
  84   290.661 55488.74932071 49.57  16.800224  -1.384943 18.719  253.73  261.43  250.74
  84   290.655 55488.74932130 51.53  16.801116  -1.387445 25.270  253.73  261.43  250.74
  84   290.623 55488.74932189 52.54  16.802009  -1.389946 32.383  253.73  261.43  250.74
  85   291.107 55498.66494962 51.32  16.794674  -1.364950  7.092  251.03  257.98  247.20
  85   291.078 55498.66495021 54.47  16.795567  -1.367451 25.893  251.03  257.98  247.20
  85   291.067 55498.66495080 56.19  16.796459  -1.369953 27.482  251.03  257.98  247.20
  85   291.057 55498.66495140 56.24  16.797352  -1.372455   -100  251.03  257.98  247.20
  85   291.044 55498.66495199 56.58  16.798245  -1.374957   -100  251.03  257.98  247.20
  85   291.031 55498.66495258 56.58  16.799137  -1.377458   -100  251.03  257.98  247.20
  85   290.986 55498.66495317 57.58  16.800030  -1.379960   -100  251.03  257.98  247.20
  85   290.973 55498.66495376 56.45  16.800922  -1.382462   -100  251.03  257.98  247.20
  85   290.958 55498.66495435 58.58  16.801815  -1.384963   -100  251.03  257.98  247.20
  85   290.945 55498.66495494 55.45  16.802707  -1.387465   -100  251.03  257.98  247.20
  93   290.146 55577.99011098 40.21  16.788161  -1.368384   -100  253.07  258.46  250.77
  93   290.070 55577.99011157 39.92  16.789053  -1.370886   -100  253.07  258.46  250.77
  93   290.139 55577.99011216 37.30  16.789945  -1.373387   -100  253.07  258.46  250.77
  93   290.031 55577.99011275 36.30  16.790837  -1.375889 30.772  253.07  258.46  250.77
  93   289.960 55577.99011334 31.21  16.791729  -1.378390 15.036  253.07  258.46  250.77
  93   289.933 55577.99011393 27.80  16.792622  -1.380892  9.603  253.07  258.46  250.77
  93   289.837 55577.99011452 28.23  16.793514  -1.383393  9.970  253.07  258.46  250.77
  93   289.938 55577.99011511 29.82  16.794406  -1.385895 14.024  253.07  258.46  250.77
  93   290.057 55577.99011570 34.35  16.795298  -1.388396 26.901  253.07  258.46  250.77
  93   290.039 55577.99011629 36.30  16.796191  -1.390897   -100  253.07  258.46  250.77
  93   290.254 55577.99011688 36.95  16.797083  -1.393399   -100 -100.00 -100.00 -100.00
  93   290.202 55577.99011747 39.03  16.797975  -1.395900   -100 -100.00 -100.00 -100.00
  93   290.597 55577.99011806 42.19  16.798867  -1.398402   -100 -100.00 -100.00 -100.00
  94   290.103 55587.90575041 49.60  16.790760  -1.367968   -100  253.48  258.56  250.48
  94   290.139 55587.90575100 51.40  16.791653  -1.370470   -100  253.48  258.56  250.48
  94   290.007 55587.90575159 53.12  16.792545  -1.372971   -100  253.48  258.56  250.48
  94   289.694 55587.90575218 56.67  16.793437  -1.375472   -100  252.20  257.72  249.61
  94   289.683 55587.90575277 56.25  16.794329  -1.377974   -100  252.20  257.72  249.61
  94   289.664 55587.90575336 56.56  16.795222  -1.380475   -100  252.20  257.72  249.61
  94   289.676 55587.90575395 55.93  16.796114  -1.382977 32.251  252.20  257.72  249.61
  94   289.681 55587.90575454 56.62  16.797006  -1.385478 28.915  252.20  257.72  249.61
  94   289.651 55587.90575513 56.64  16.797898  -1.387979   -100  252.20  257.72  249.61
  94   289.622 55587.90575572 57.17  16.798791  -1.390481   -100  252.20  257.72  249.61
  94   289.629 55587.90575631 57.62  16.799683  -1.392982   -100  252.20  257.72  249.61
  94   289.602 55587.90575690 57.32  16.800575  -1.395483   -100  252.20  257.72  249.61
  95   289.847 55597.82138639 47.44  16.793320  -1.365973   -100  257.19  262.72  253.97
  95   289.589 55597.82138698 51.36  16.794213  -1.368475  4.242  257.19  262.72  253.97
  95   289.662 55597.82138757 53.26  16.795105  -1.370976  1.975  257.19  262.72  253.97
  95   289.596 55597.82138816 54.34  16.795997  -1.373477  7.624  257.19  262.72  253.97
  95   289.428 55597.82138875 55.02  16.796890  -1.375979 21.854  257.19  262.72  253.97
  95   289.456 55597.82138934 55.93  16.797782  -1.378480 19.471  257.19  262.72  253.97
  95   289.444 55597.82138993 57.49  16.798674  -1.380981 20.071  257.19  262.72  253.97
  95   289.384 55597.82139052 54.07  16.799567  -1.383483 31.423  257.19  262.72  253.97
  95   289.380 55597.82139111 57.24  16.800459  -1.385984   -100  257.19  262.72  253.97
  95   289.347 55597.82139170 56.20  16.801351  -1.388485   -100  256.61  262.57  253.85
  95   289.328 55597.82139229 55.24  16.802244  -1.390986   -100  256.61  262.57  253.85
  96   289.480 55607.73702014 25.08  16.795262  -1.366242  7.862  258.21  263.77  255.63
  96   289.304 55607.73702073 23.52  16.796154  -1.368743  7.588  258.21  263.77  255.63
  96   288.942 55607.73702132 23.73  16.797046  -1.371244  7.776  258.21  263.77  255.63
  96   288.954 55607.73702191 23.02  16.797939  -1.373746  5.884  258.21  263.77  255.63
  96   289.125 55607.73702250 23.83  16.798831  -1.376247  8.289  258.21  263.77  255.63
  96   289.374 55607.73702309 23.38  16.799724  -1.378748  6.564  258.21  263.77  255.63
  96   289.522 55607.73702368 27.98  16.800616  -1.381250 14.981  258.21  263.77  255.63
  96   289.540 55607.73702427 30.79  16.801508  -1.383751 22.129  258.21  263.77  255.63
  96   289.320 55607.73702487 32.31  16.802401  -1.386252 30.930  258.21  263.77  255.63
 105   289.031 55696.97780207 45.50  16.792387  -1.366013  0.580  259.00  264.75  255.98
 105   289.038 55696.97780266 32.79  16.793279  -1.368514 20.887  259.00  264.75  255.98
 105   289.042 55696.97780325 44.39  16.794171  -1.371016  1.311  259.00  264.75  255.98
 105   288.873 55696.97780384 38.69  16.795064  -1.373517   -100  259.00  264.75  255.98
 105   288.533 55696.97780443 28.93  16.795956  -1.376018 14.039  259.00  264.75  255.98
 105   288.703 55696.97780502 29.18  16.796848  -1.378520 14.656  259.00  264.75  255.98
 105   288.639 55696.97780561 33.87  16.797740  -1.381021 30.658  259.00  264.75  255.98
 105   288.847 55696.97780620 38.19  16.798633  -1.383522   -100  259.00  264.75  255.98
 105   288.843 55696.97780679 38.24  16.799525  -1.386024   -100  259.00  264.75  255.98
 105   289.074 55696.97780738 40.31  16.800417  -1.388525   -100  259.00  264.75  255.98
 105   289.203 55696.97780797 42.29  16.801309  -1.391027   -100  259.00  264.75  255.98
 105   289.163 55696.97780856 46.51  16.802202  -1.393528   -100  259.00  264.75  255.98
 106   288.809 55706.89343671 49.75  16.795868  -1.364937 29.816  258.97  264.45  256.52
 106   288.911 55706.89343731 47.17  16.796761  -1.367438   -100  258.97  264.45  256.52
 106   288.867 55706.89343790 49.38  16.797653  -1.369940   -100  258.97  264.45  256.52
 106   288.801 55706.89343849 52.62  16.798545  -1.372441   -100  258.97  264.45  256.52
 106   288.809 55706.89343908 42.66  16.799437  -1.374943  9.498  258.97  264.45  256.52
 106   288.806 55706.89343967 49.23  16.800329  -1.377444   -100  258.97  264.45  256.52
 106   288.795 55706.89344026 49.77  16.801222  -1.379946   -100  258.97  264.45  256.52
 106   288.856 55706.89344085 49.50  16.802114  -1.382447  3.222  258.97  264.45  256.52
 106   288.839 55706.89344144 50.55  16.803006  -1.384948  9.723  258.97  264.45  256.52
 107   288.587 55716.80908707 37.23  16.795058  -1.366981   -100  260.46  266.23  257.81
 107   288.679 55716.80908766 29.90  16.795950  -1.369482 18.363  260.46  266.23  257.81
 107   288.475 55716.80908825 23.84  16.796843  -1.371984  7.154  260.46  266.23  257.81
 107   288.434 55716.80908884 25.91  16.797735  -1.374485 10.659  260.46  266.23  257.81
 107   288.794 55716.80908943 22.39  16.798627  -1.376986  5.739  260.46  266.23  257.81
 107   288.883 55716.80909002 26.86  16.799519  -1.379488 11.455  260.46  266.23  257.81
 107   288.936 55716.80909061 32.49  16.800412  -1.381989 21.385  260.46  266.23  257.81
 107   289.018 55716.80909120 32.26  16.801304  -1.384491 22.900  260.46  266.23  257.81
 107   288.807 55716.80909179 35.50  16.802196  -1.386992   -100  260.46  266.23  257.81
 108   288.615 55726.72473521 29.63  16.792862  -1.368011 32.343  262.50  268.09  259.87
 108   288.728 55726.72473580 22.69  16.793754  -1.370512 10.326  262.50  268.09  259.87
 108   288.335 55726.72473639 21.34  16.794646  -1.373014  9.056  262.50  268.09  259.87
 108   288.226 55726.72473698 22.31  16.795539  -1.375515 10.458  262.50  268.09  259.87
 108   288.517 55726.72473757 20.06  16.796431  -1.378017  6.569  262.50  268.09  259.87
 108   288.754 55726.72473816 22.21  16.797323  -1.380518  9.985  262.50  268.09  259.87
 108   288.564 55726.72473875 29.40  16.798216  -1.383020 31.879  262.50  268.09  259.87
 108   288.647 55726.72473934 29.35  16.799108  -1.385521 30.864  262.50  268.09  259.87
 108   288.809 55726.72473993 29.34  16.800000  -1.388023 30.040  260.96  266.70  258.21
 108   288.566 55726.72474052 32.57  16.800893  -1.390525   -100  260.96  266.70  258.21
 108   288.815 55726.72474111 32.40  16.801785  -1.393026   -100  260.96  266.70  258.21
 121   290.876 55855.62806913 32.96  16.796969  -1.366069 20.898  249.44  259.24  248.81
 121   290.617 55855.62806972 32.52  16.797861  -1.368570 21.622  249.44  259.24  248.81
 121   290.641 55855.62807031 32.41  16.798754  -1.371072 19.295  249.44  259.24  248.81
 121   290.610 55855.62807090 30.72  16.799646  -1.373574 16.888  248.02  258.01  247.31
 121   290.848 55855.62807149 34.50  16.800539  -1.376076 27.371  248.02  258.01  247.31
 121   291.105 55855.62807208 35.63  16.801431  -1.378577 31.428  248.02  258.01  247.31
 121   290.849 55855.62807326 34.06  16.803216  -1.383581 25.740  248.02  258.01  247.31
 121   290.874 55855.62807385 39.11  16.804109  -1.386082   -100  248.02  258.01  247.31
 122   291.241 55865.54371013 53.49  16.795997  -1.364362 13.238  247.15  255.72  242.56
 122   291.245 55865.54371072 53.63  16.796890  -1.366864 12.475  247.15  255.72  242.56
 122   291.212 55865.54371131 54.70  16.797782  -1.369366 17.841  247.15  255.72  242.56
 122   291.195 55865.54371190 52.60  16.798674  -1.371867 19.026  247.15  255.72  242.56
 122   291.269 55865.54371249 55.61  16.799567  -1.374369 15.231  247.15  255.72  242.56
 122   291.434 55865.54371308 54.49  16.800459  -1.376871  4.394  247.15  255.72  242.56
 122   291.242 55865.54371368 54.30  16.801352  -1.379373 16.011  247.15  255.72  242.56
 122   291.200 55865.54371427 55.35  16.802244  -1.381874 25.458  247.15  255.72  242.56
 122   291.175 55865.54371486 54.29  16.803137  -1.384376 32.729  247.15  255.72  242.56
 123   291.646 55875.45936349 53.44  16.793362  -1.365621  2.986  242.98  253.74  238.66
 123   291.528 55875.45936408 53.57  16.794254  -1.368123 11.129  242.98  253.74  238.66
 123   291.425 55875.45936467 54.44  16.795146  -1.370624 21.872  242.98  253.74  238.66
 123   291.393 55875.45936526 54.36  16.796039  -1.373126   -100  242.98  253.74  238.66
 123   291.549 55875.45936585 55.54  16.796931  -1.375628 12.551  242.98  253.74  238.66
 123   291.455 55875.45936644 55.61  16.797823  -1.378130 18.190  242.98  253.74  238.66
 123   291.388 55875.45936703 52.51  16.798716  -1.380631 26.349  242.98  253.74  238.66
 123   291.423 55875.45936762 56.01  16.799608  -1.383133 20.953  242.98  253.74  238.66
 123   291.377 55875.45936821 52.30  16.800500  -1.385635 24.393  242.98  253.74  238.66
 123   291.476 55875.45936880 56.66  16.801393  -1.388137 16.138  243.55  254.89  241.52
 123   291.476 55875.45936939 54.59  16.802285  -1.390639 14.264  243.55  254.89  241.52
 133   289.581 55974.61579883 47.49  16.790427  -1.367594 32.278  257.77  263.41  254.56
 133   289.335 55974.61579942 48.57  16.791320  -1.370095   -100  257.77  263.41  254.56
 133   289.271 55974.61580001 53.45  16.792212  -1.372597   -100  257.77  263.41  254.56
 133   288.898 55974.61580060 53.51  16.793104  -1.375098 22.190  257.77  263.41  254.56
 133   288.890 55974.61580119 54.58  16.793997  -1.377599 31.477  257.77  263.41  254.56
 133   288.884 55974.61580178 54.81  16.794889  -1.380100 27.179  257.77  263.41  254.56
 133   288.957 55974.61580237 50.60  16.795782  -1.382602 12.411  257.77  263.41  254.56
 133   289.063 55974.61580296 51.10  16.796674  -1.385103  8.449  257.77  263.41  254.56
 133   288.918 55974.61580355 53.66  16.797566  -1.387604 17.581  257.34  263.54  254.59
 133   288.867 55974.61580414 53.75  16.798459  -1.390106 25.945  257.34  263.54  254.59
 133   288.823 55974.61580473 54.81  16.799351  -1.392607   -100  257.34  263.54  254.59
 133   288.807 55974.61580532 55.76  16.800244  -1.395108 32.144  257.34  263.54  254.59
 134   289.151 55984.53143590 27.69  16.792884  -1.368119 10.345  259.25  265.24  256.22
 134   288.714 55984.53143649 24.17  16.793777  -1.370620  4.414  259.25  265.24  256.22
 134   288.640 55984.53143708 24.01  16.794669  -1.373121  4.997  259.25  265.24  256.22
 134   288.677 55984.53143767 23.62  16.795561  -1.375623  4.686  259.25  265.24  256.22
 134   288.816 55984.53143826 22.90  16.796453  -1.378124  3.399  259.25  265.24  256.22
 134   288.962 55984.53143885 25.37  16.797346  -1.380625  7.660  259.25  265.24  256.22
 134   289.053 55984.53143944 32.11  16.798238  -1.383127 20.603  259.25  265.24  256.22
 134   289.043 55984.53144003 32.61  16.799130  -1.385628 18.570  259.25  265.24  256.22
 134   288.987 55984.53144062 34.57  16.800023  -1.388129 31.502  259.25  265.24  256.22
 134   288.882 55984.53144121 38.65  16.800915  -1.390631   -100  259.25  265.24  256.22
 134   288.843 55984.53144180 39.71  16.801807  -1.393132  2.840  259.25  265.24  256.22
 135   288.832 55994.44707038 29.79  16.796760  -1.366481   -100  258.83  263.81  257.75
 135   288.792 55994.44707097 22.35  16.797653  -1.368982 12.176  258.83  263.81  257.75
 135   288.704 55994.44707156 23.69  16.798545  -1.371483 15.576  258.83  263.81  257.75
 135   288.876 55994.44707215 24.40  16.799437  -1.373985 16.450  258.83  263.81  257.75
 135   288.751 55994.44707274 23.10  16.800329  -1.376486 14.321  258.83  263.81  257.75
 135   288.840 55994.44707333 24.99  16.801222  -1.378987 18.983  258.83  263.81  257.75
 135   289.008 55994.44707392 28.87  16.802114  -1.381489 30.341  258.83  263.81  257.75
 135   288.943 55994.44707451 30.39  16.803006  -1.383990   -100  258.83  263.81  257.75
 135   289.083 55994.44707510 31.41  16.803898  -1.386491   -100  258.83  263.81  257.75
 136   289.132 56004.36272206 45.73  16.794315  -1.365204   -100  262.30  267.78  259.67
 136   288.787 56004.36272265 42.16  16.795207  -1.367705 32.162  262.30  267.78  259.67
 136   288.793 56004.36272324 44.13  16.796099  -1.370206   -100  262.30  267.78  259.67
 136   289.092 56004.36272383 42.76  16.796992  -1.372708 32.699  262.30  267.78  259.67
 136   289.101 56004.36272442 44.08  16.797884  -1.375209   -100  262.30  267.78  259.67
 136   289.039 56004.36272501 42.18  16.798776  -1.377710 31.771  262.30  267.78  259.67
 136   288.860 56004.36272560 42.59  16.799668  -1.380212   -100  262.30  267.78  259.67
 136   289.097 56004.36272619 46.21  16.800561  -1.382713   -100  262.30  267.78  259.67
 136   289.356 56004.36272678 47.55  16.801453  -1.385214 31.299  262.30  267.78  259.67
 136   289.119 56004.36272737 49.90  16.802345  -1.387716   -100  262.30  267.78  259.67
 145   289.723 56093.60351265 45.90  16.790467  -1.368965   -100  261.80  267.66  260.43
 145   289.759 56093.60351324 49.98  16.791360  -1.371466   -100  261.80  267.66  260.43
 145   289.590 56093.60351383 50.73  16.792252  -1.373968  2.318  261.80  267.66  260.43
 145   289.366 56093.60351442 53.16  16.793144  -1.376469   -100  259.71  265.50  258.05
 145   289.349 56093.60351501 49.90  16.794036  -1.378971 29.787  259.71  265.50  258.05
 145   289.344 56093.60351560 46.01  16.794929  -1.381472 11.797  259.71  265.50  258.05
 145   289.336 56093.60351619 43.66  16.795821  -1.383974   -100  259.71  265.50  258.05
 145   289.329 56093.60351678 45.63  16.796713  -1.386475  3.115  259.71  265.50  258.05
 145   289.762 56093.60351737 47.88  16.797606  -1.388977   -100  259.71  265.50  258.05
 145   289.706 56093.60351796 47.45  16.798498  -1.391478   -100  259.71  265.50  258.05
 145   289.631 56093.60351856 50.61  16.799390  -1.393980   -100  259.71  265.50  258.05
 145   289.385 56093.60351915 52.80  16.800283  -1.396482 13.554  259.71  265.50  258.05
 146   289.410 56103.51915792 39.73  16.790426  -1.368785   -100  261.89  266.64  260.00
 146   289.400 56103.51915851 38.36  16.791318  -1.371287 29.137  261.89  266.64  260.00
 146   289.418 56103.51915910 38.62  16.792210  -1.373788   -100  261.89  266.64  260.00
 146   289.382 56103.51915969 43.38  16.793103  -1.376290   -100  261.89  266.64  260.00
 146   289.333 56103.51916028 40.21  16.793995  -1.378792   -100  261.89  266.64  260.00
 146   289.076 56103.51916087 37.37  16.794887  -1.381293   -100  261.89  266.64  260.00
 146   289.035 56103.51916146 37.68  16.795780  -1.383795   -100  261.89  266.64  260.00
 146   289.010 56103.51916205 41.07  16.796672  -1.386296   -100  261.89  266.64  260.00
 146   289.423 56103.51916264 41.67  16.797564  -1.388798   -100  261.89  266.64  260.00
 146   289.434 56103.51916323 42.61  16.798457  -1.391300   -100  261.89  266.64  260.00
 146   289.399 56103.51916382 45.55  16.799349  -1.393801   -100  261.89  266.64  260.00
 146   289.306 56103.51916441 47.62  16.800241  -1.396303   -100  261.89  266.64  260.00
 147   289.130 56113.43478897 45.59  16.791293  -1.368698   -100  264.26  269.61  261.72
 147   289.111 56113.43478956 50.93  16.792185  -1.371199 23.800  264.26  269.61  261.72
 147   289.102 56113.43479015 53.94  16.793077  -1.373701   -100  264.26  269.61  261.72
 147   289.098 56113.43479074 54.97  16.793970  -1.376203   -100  264.26  269.61  261.72
 147   289.092 56113.43479133 57.02  16.794862  -1.378704   -100  261.77  267.11  259.19
 147   289.085 56113.43479192 53.78  16.795754  -1.381206   -100  261.77  267.11  259.19
 147   289.079 56113.43479251 55.30  16.796647  -1.383708   -100  261.77  267.11  259.19
 147   289.075 56113.43479311 55.93  16.797539  -1.386209   -100  261.77  267.11  259.19
 147   289.070 56113.43479370 55.77  16.798431  -1.388711   -100  261.77  267.11  259.19
 147   289.066 56113.43479429 54.39  16.799324  -1.391212   -100  261.77  267.11  259.19
 147   289.062 56113.43479488 55.92  16.800216  -1.393714   -100  261.77  267.11  259.19
 147   289.057 56113.43479547 55.92  16.801109  -1.396216   -100  261.77  267.11  259.19
 148   289.295 56123.35042779 23.31  16.792781  -1.368111 14.408  261.57  266.99  259.44
 148   289.003 56123.35042838 20.98  16.793673  -1.370613 11.922  261.57  266.99  259.44
 148   288.722 56123.35042897 20.51  16.794566  -1.373114  9.810  261.57  266.99  259.44
 148   288.768 56123.35042956 19.80  16.795458  -1.375616  9.041  261.57  266.99  259.44
 148   288.933 56123.35043015 19.70  16.796351  -1.378118  8.385  261.57  266.99  259.44
 148   289.189 56123.35043074 24.05  16.797243  -1.380619 16.690  261.57  266.99  259.44
 148   289.082 56123.35043133 27.21  16.798136  -1.383121 25.894  261.57  266.99  259.44
 148   289.261 56123.35043192 29.67  16.799028  -1.385623 30.138  261.57  266.99  259.44
 148   288.957 56123.35043251 32.95  16.799920  -1.388124   -100  261.57  266.99  259.44
 148   289.223 56123.35043310 30.71  16.800813  -1.390626   -100  259.82  265.40  258.01
 148   288.894 56123.35043369 32.88  16.801705  -1.393128   -100  259.82  265.40  258.01
 157   290.977 56212.59119496 43.56  16.794970  -1.366078   -100  253.62  260.90  249.37
 157   290.961 56212.59119555 44.61  16.795863  -1.368579   -100  253.62  260.90  249.37
 157   290.898 56212.59119615 47.27  16.796755  -1.371081  7.954  253.62  260.90  249.37
 157   290.875 56212.59119674 47.97  16.797648  -1.373583 10.437  253.62  260.90  249.37
 157   290.850 56212.59119733 47.96  16.798540  -1.376085 10.150  253.62  260.90  249.37
 157   290.869 56212.59119792 48.92  16.799433  -1.378587  9.126  253.62  260.90  249.37
 157   290.854 56212.59119851 48.87  16.800325  -1.381088  5.544  253.62  260.90  249.37
 157   290.865 56212.59119910 50.89  16.801218  -1.383590  7.758  253.62  260.90  249.37
 157   291.283 56212.59119969 50.91  16.802110  -1.386092   -100  253.62  260.90  249.37
 159   291.365 56232.42248320 51.76  16.796106  -1.364990  0.498  251.52  258.66  247.34
 159   291.145 56232.42248379 52.92  16.796998  -1.367492 13.321  251.52  258.66  247.34
 159   291.121 56232.42248438 55.91  16.797891  -1.369994 21.279  251.52  258.66  247.34
 159   291.078 56232.42248497 55.97  16.798783  -1.372496 28.841  251.52  258.66  247.34
 159   291.112 56232.42248556 57.18  16.799675  -1.374997 23.459  251.52  258.66  247.34
 159   291.146 56232.42248615 56.00  16.800568  -1.377499 17.360  251.52  258.66  247.34
 159   291.252 56232.42248674 51.83  16.801460  -1.380001  9.688  249.18  256.58  245.07
 159   291.094 56232.42248733 56.31  16.802352  -1.382503 26.999  249.18  256.58  245.07
 159   291.060 56232.42248792 52.76  16.803245  -1.385005   -100  249.18  256.58  245.07
 164   291.718 56282.00071177 51.79  16.791931  -1.368630  3.549  244.90  255.23  240.64
 164   291.858 56282.00071236 53.68  16.792824  -1.371132  1.270  244.90  255.23  240.64
 164   291.567 56282.00071295 54.35  16.793716  -1.373633 24.689  242.00  252.63  237.91
 164   291.544 56282.00071354 54.93  16.794608  -1.376135 28.143  242.00  252.63  237.91
 164   291.589 56282.00071413 56.98  16.795501  -1.378636 20.950  242.00  252.63  237.91
 164   291.706 56282.00071472 55.81  16.796393  -1.381138 13.204  242.00  252.63  237.91
 164   291.592 56282.00071532 56.85  16.797285  -1.383639 19.564  242.00  252.63  237.91
 164   291.547 56282.00071591 54.25  16.798178  -1.386141 28.402  242.00  252.63  237.91
 164   291.523 56282.00071650 57.61  16.799070  -1.388643   -100  242.00  252.63  237.91
 164   291.525 56282.00071709 57.09  16.799962  -1.391144   -100  242.00  252.63  237.91
 164   291.523 56282.00071768 57.08  16.800854  -1.393646   -100  242.00  252.63  237.91
 169   290.242 56331.57893658 44.63  16.788874  -1.370057   -100  261.30  265.91  257.39
 169   290.487 56331.57893717 44.80  16.789767  -1.372558   -100  261.30  265.91  257.39
 169   290.451 56331.57893776 46.09  16.790659  -1.375060   -100  261.30  265.91  257.39
 169   290.594 56331.57893835 48.88  16.791551  -1.377561   -100  261.30  265.91  257.39
 169   290.217 56331.57893894 49.97  16.792444  -1.380062  4.090  261.30  265.91  257.39
 169   290.128 56331.57893953 54.08  16.793336  -1.382564   -100  259.79  264.70  256.09
 169   290.108 56331.57894012 54.38  16.794229  -1.385065   -100  259.79  264.70  256.09
 169   290.106 56331.57894071 52.94  16.795121  -1.387567 31.980  259.79  264.70  256.09
 169   290.083 56331.57894130 52.95  16.796013  -1.390068   -100  259.79  264.70  256.09
 169   290.103 56331.57894189 55.07  16.796906  -1.392569 31.966  259.79  264.70  256.09
 169   290.083 56331.57894248 54.07  16.797798  -1.395071   -100  259.79  264.70  256.09
 169   290.079 56331.57894308 56.05  16.798691  -1.397572   -100  259.79  264.70  256.09
 171   289.601 56351.41021555 34.86  16.793357  -1.367004   -100  265.61  271.09  263.46
 171   289.721 56351.41021614 27.81  16.794249  -1.369506 16.569  265.61  271.09  263.46
 171   289.722 56351.41021673 33.76  16.795142  -1.372007   -100  265.61  271.09  263.46
 171   289.651 56351.41021732 28.77  16.796034  -1.374508 19.873  265.61  271.09  263.46
 171   289.643 56351.41021791 24.11  16.796926  -1.377010  9.770  265.61  271.09  263.46
 171   289.621 56351.41021850 24.91  16.797818  -1.379511  9.993  265.61  271.09  263.46
 171   289.808 56351.41021909 28.03  16.798711  -1.382012 15.428  265.61  271.09  263.46
 171   289.650 56351.41021968 32.62  16.799603  -1.384514   -100  265.61  271.09  263.46
 171   289.757 56351.41022027 34.08  16.800495  -1.387015 29.668  263.50  268.97  261.16
 171   289.484 56351.41022087 37.00  16.801388  -1.389517   -100  263.50  268.97  261.16
 171   289.550 56351.41022146 39.88  16.802280  -1.392018 14.464  263.50  268.97  261.16
 174   289.177 56381.15715266 28.70  16.787898  -1.369528 15.651  259.26  265.57  257.49
 174   288.940 56381.15715325 25.87  16.788790  -1.372029 10.530  259.26  265.57  257.49
 174   288.648 56381.15715384 25.08  16.789682  -1.374530  9.766  259.26  265.57  257.49
 174   288.648 56381.15715443 24.60  16.790575  -1.377032  8.915  259.26  265.57  257.49
 174   288.891 56381.15715502 24.61  16.791467  -1.379533  8.158  259.26  265.57  257.49
 174   288.957 56381.15715561 24.36  16.792359  -1.382034  7.905  259.26  265.57  257.49
 174   289.138 56381.15715620 26.01  16.793252  -1.384535  9.702  259.26  265.57  257.49
 174   289.321 56381.15715679 28.17  16.794144  -1.387037 13.610  259.26  265.57  257.49
 174   289.380 56381.15715738 29.02  16.795036  -1.389538 14.563  259.26  265.57  257.49
 174   289.110 56381.15715797 33.73  16.795929  -1.392039   -100  259.26  265.57  257.49
 174   289.320 56381.15715856 34.79  16.796821  -1.394540 30.138  259.26  265.57  257.49
 174   289.111 56381.15715915 33.48  16.797713  -1.397042 31.268  259.26  265.57  257.49
 174   289.287 56381.15715974 31.88  16.798606  -1.399543 22.123 -100.00 -100.00 -100.00
 180   290.283 56440.65100512 31.07  16.790629  -1.368778 18.180  261.26  267.35  258.81
 180   289.905 56440.65100571 26.28  16.791522  -1.371280  8.896  261.26  267.35  258.81
 180   289.809 56440.65100630 25.50  16.792414  -1.373781  7.798  261.26  267.35  258.81
 180   289.610 56440.65100689 24.94  16.793306  -1.376283  6.858  261.26  267.35  258.81
 180   289.642 56440.65100748 24.75  16.794199  -1.378784  7.191  261.26  267.35  258.81
 180   289.973 56440.65100807 24.33  16.795091  -1.381285  6.626  261.26  267.35  258.81
 180   290.071 56440.65100866 24.22  16.795983  -1.383787  6.742  261.26  267.35  258.81
 180   290.069 56440.65100925 34.01  16.796875  -1.386288 31.195  261.26  267.35  258.81
 180   290.324 56440.65100985 29.71  16.797768  -1.388790 15.208  261.26  267.35  258.81
 180   289.994 56440.65101044 26.42  16.798660  -1.391291 10.687  261.26  267.35  258.81
 180   289.922 56440.65101103 32.94  16.799552  -1.393793 27.135  261.26  267.35  258.81
 180   290.002 56440.65101162 33.79  16.800444  -1.396294 29.935  261.26  267.35  258.81
 181   290.252 56450.56665537 49.98  16.787621  -1.369015   -100  265.29  269.76  262.20
 181   290.247 56450.56665596 46.72  16.788513  -1.371516   -100  265.29  269.76  262.20
 181   290.218 56450.56665655 46.11  16.789406  -1.374018   -100  265.29  269.76  262.20
 181   290.282 56450.56665714 49.84  16.790298  -1.376520   -100  265.29  269.76  262.20
 181   290.268 56450.56665773 50.13  16.791190  -1.379021   -100  265.29  269.76  262.20
 181   290.251 56450.56665832 47.35  16.792082  -1.381523   -100  265.29  269.76  262.20
 181   290.196 56450.56665891 46.13  16.792975  -1.384024   -100  263.36  267.76  259.84
 181   290.255 56450.56665950 48.90  16.793867  -1.386526   -100  263.36  267.76  259.84
 181   290.245 56450.56666009 47.19  16.794759  -1.389027   -100  263.36  267.76  259.84
 181   290.246 56450.56666068 50.27  16.795652  -1.391529   -100  263.36  267.76  259.84
 181   290.224 56450.56666128 49.43  16.796544  -1.394030   -100  263.36  267.76  259.84
 181   290.182 56450.56666187 51.02  16.797436  -1.396532   -100  263.36  267.76  259.84
 181   290.196 56450.56666246 52.83  16.798329  -1.399033   -100  263.36  267.76  259.84
 182   289.864 56460.48230355 36.40  16.787039  -1.368159 20.583  266.10  271.32  263.47
 182   289.688 56460.48230414 27.39  16.787931  -1.370660  3.789  266.10  271.32  263.47
 182   289.243 56460.48230473 27.31  16.788823  -1.373162  4.010  266.10  271.32  263.47
 182   289.213 56460.48230532 27.11  16.789716  -1.375663  3.687  266.10  271.32  263.47
 182   289.382 56460.48230591 27.01  16.790608  -1.378165  3.429  266.10  271.32  263.47
 182   289.451 56460.48230650 27.09  16.791500  -1.380667  4.159  263.52  268.58  260.53
 182   289.422 56460.48230709 29.33  16.792393  -1.383168  7.054  263.52  268.58  260.53
 182   289.580 56460.48230768 30.50  16.793285  -1.385670  8.794  263.52  268.58  260.53
 182   289.519 56460.48230827 32.12  16.794178  -1.388171 11.388  263.52  268.58  260.53
 182   289.393 56460.48230886 36.49  16.795070  -1.390673 21.142  263.52  268.58  260.53
 182   289.209 56460.48230945 37.57  16.795962  -1.393174 25.811  263.52  268.58  260.53
 182   289.286 56460.48231004 37.76  16.796855  -1.395676 27.952  263.52  268.58  260.53
 182   289.266 56460.48231064 39.39  16.797747  -1.398178   -100  263.52  268.58  260.53
 183   288.708 56470.39794872 19.73  16.787634  -1.368009  9.197  263.91  268.99  261.27
 183   288.816 56470.39794931 17.08  16.788526  -1.370511  4.518  263.91  268.99  261.27
 183   288.766 56470.39794991 16.98  16.789418  -1.373013  4.313  263.91  268.99  261.27
 183   288.698 56470.39795050 16.79  16.790311  -1.375514  4.450  263.91  268.99  261.27
 183   288.689 56470.39795109 17.48  16.791203  -1.378016  6.191  263.91  268.99  261.27
 183   288.813 56470.39795168 17.03  16.792096  -1.380517  5.127  263.91  268.99  261.27
 183   288.836 56470.39795227 16.98  16.792988  -1.383019  4.619  263.91  268.99  261.27
 183   288.968 56470.39795286 18.00  16.793880  -1.385521  6.881  263.91  268.99  261.27
 183   288.944 56470.39795345 19.99  16.794773  -1.388022  8.564  261.72  266.58  259.15
 183   288.999 56470.39795404 20.97  16.795665  -1.390524 10.879  261.72  266.58  259.15
 183   288.820 56470.39795463 27.85  16.796558  -1.393025   -100  261.72  266.58  259.15
 183   289.021 56470.39795522 25.64  16.797450  -1.395527 22.803  261.72  266.58  259.15
 183   289.202 56470.39795581 27.28  16.798343  -1.398029 27.385  261.72  266.58  259.15
 192   289.971 56559.63872663 40.66  16.789660  -1.367828   -100  262.45  268.23  259.95
 192   290.137 56559.63872722 34.28  16.790553  -1.370330 15.892  262.45  268.23  259.95
 192   290.201 56559.63872781 34.86  16.791445  -1.372831 15.325  262.45  268.23  259.95
 192   289.952 56559.63872840 41.33  16.792338  -1.375333   -100  262.45  268.23  259.95
 192   290.150 56559.63872899 41.63  16.793230  -1.377835   -100  262.45  268.23  259.95
 192   290.343 56559.63872958 42.53  16.794123  -1.380337   -100  260.82  266.77  258.21
 192   290.057 56559.63873017 44.76  16.795015  -1.382839   -100  260.82  266.77  258.21
 192   289.935 56559.63873076 47.13  16.795908  -1.385341  5.198  260.82  266.77  258.21
 192   289.956 56559.63873135 49.12  16.796800  -1.387842 12.437  260.82  266.77  258.21
 192   289.930 56559.63873194 50.28  16.797693  -1.390344 27.922  260.82  266.77  258.21
 192   289.928 56559.63873253 52.25  16.798585  -1.392846   -100  260.82  266.77  258.21
 192   289.939 56559.63873312 53.24  16.799478  -1.395348   -100  260.82  266.77  258.21
 193   290.125 56569.55436906 28.18  16.789698  -1.369585 14.557  259.15  265.27  256.37
 193   289.853 56569.55436965 25.05  16.790590  -1.372087  6.684  259.15  265.27  256.37
 193   289.694 56569.55437024 24.66  16.791483  -1.374589  6.811  259.15  265.27  256.37
 193   289.743 56569.55437083 24.76  16.792375  -1.377091  6.080  259.15  265.27  256.37
 193   289.747 56569.55437142 24.62  16.793268  -1.379592  6.884  259.15  265.27  256.37
 193   289.863 56569.55437201 24.74  16.794160  -1.382094  6.851  259.15  265.27  256.37
 193   290.048 56569.55437260 25.30  16.795052  -1.384596  6.961  259.15  265.27  256.37
 193   290.363 56569.55437319 28.77  16.795945  -1.387098 13.004  257.78  264.19  255.13
 193   290.214 56569.55437378 28.13  16.796837  -1.389600 12.155  257.78  264.19  255.13
 193   290.069 56569.55437437 30.67  16.797730  -1.392102 20.218  257.78  264.19  255.13
 193   289.901 56569.55437496 34.11  16.798622  -1.394604 31.831  257.78  264.19  255.13
 193   290.057 56569.55437555 35.88  16.799515  -1.397105   -100  257.78  264.19  255.13
 194   290.729 56579.47000954 48.70  16.790608  -1.366733   -100  257.61  263.89  253.02
 194   290.727 56579.47001013 49.12  16.791500  -1.369235   -100  256.14  263.04  253.19
 194   290.734 56579.47001072 51.00  16.792393  -1.371737   -100  256.14  263.04  253.19
 194   290.708 56579.47001131 52.03  16.793285  -1.374238  6.374  256.14  263.04  253.19
 194   290.716 56579.47001190 52.93  16.794177  -1.376740  2.003  256.14  263.04  253.19
 194   290.709 56579.47001250 51.60  16.795070  -1.379242  0.511  256.14  263.04  253.19
 194   290.718 56579.47001309 50.33  16.795962  -1.381744   -100  256.14  263.04  253.19
 194   290.713 56579.47001368 52.48  16.796855  -1.384246  2.240  256.14  263.04  253.19
 194   290.713 56579.47001427 49.98  16.797747  -1.386748   -100  256.14  263.04  253.19
 194   290.714 56579.47001486 53.67  16.798639  -1.389250   -100  256.14  263.04  253.19
 194   290.717 56579.47001545 53.96  16.799532  -1.391751   -100  256.14  263.04  253.19
 194   290.704 56579.47001604 51.69  16.800424  -1.394253   -100  256.14  263.04  253.19
 195   290.833 56589.38564698 39.67  16.794916  -1.365862  0.008  257.68  264.38  254.28
 195   290.850 56589.38564757 28.88  16.795809  -1.368364 17.207  257.68  264.38  254.28
 195   290.526 56589.38564817 28.79  16.796701  -1.370866 17.067  257.68  264.38  254.28
 195   290.626 56589.38564876 27.82  16.797594  -1.373368 13.676  257.68  264.38  254.28
 195   290.817 56589.38564935 27.93  16.798486  -1.375869 12.747  257.68  264.38  254.28
 195   291.119 56589.38564994 32.61  16.799378  -1.378371 22.935  257.68  264.38  254.28
 195   291.003 56589.38565053 36.06  16.800271  -1.380873   -100  257.68  264.38  254.28
 195   291.125 56589.38565112 36.82  16.801163  -1.383375   -100  257.68  264.38  254.28
 195   290.806 56589.38565171 36.74  16.802055  -1.385877   -100  255.11  261.89  251.46
 205   290.119 56688.54210370 33.27  16.787605  -1.368078   -100  263.84  269.91  260.52
 205   289.757 56688.54210429 26.82  16.788497  -1.370579 24.253  263.84  269.91  260.52
 205   289.784 56688.54210488 18.93  16.789390  -1.373081  6.428  263.84  269.91  260.52
 205   289.589 56688.54210547 19.24  16.790282  -1.375582  6.267  263.84  269.91  260.52
 205   289.461 56688.54210606 18.86  16.791174  -1.378083  5.416  262.36  268.75  259.30
 205   289.563 56688.54210665 18.68  16.792066  -1.380585  5.631  262.36  268.75  259.30
 205   289.589 56688.54210724 19.58  16.792959  -1.383086  6.802  262.36  268.75  259.30
 205   289.677 56688.54210783 21.29  16.793851  -1.385588  7.846  262.36  268.75  259.30
 205   289.896 56688.54210842 22.25  16.794743  -1.388089 10.084  262.36  268.75  259.30
 205   289.911 56688.54210901 22.57  16.795636  -1.390590 10.257  262.36  268.75  259.30
 205   289.569 56688.54210960 25.27  16.796528  -1.393092 17.296  262.36  268.75  259.30
 205   289.660 56688.54211019 29.77  16.797420  -1.395593 31.784  262.36  268.75  259.30
 205   289.831 56688.54211078 31.16  16.798312  -1.398095 28.505  262.36  268.75  259.30
 206   290.092 56698.45774541 28.29  16.789515  -1.367313 25.585  262.12  266.28  258.92
 206   289.751 56698.45774600 24.43  16.790407  -1.369814 17.648  262.12  266.28  258.92
 206   289.676 56698.45774659 17.84  16.791299  -1.372316  4.889  262.12  266.28  258.92
 206   289.417 56698.45774718 18.53  16.792192  -1.374817  6.464  262.12  266.28  258.92
 206   289.329 56698.45774777 20.54  16.793084  -1.377319  9.598  262.12  266.28  258.92
 206   289.491 56698.45774836 18.94  16.793976  -1.379820  5.309  262.12  266.28  258.92
 206   289.390 56698.45774895 19.62  16.794868  -1.382321  6.989  262.12  266.28  258.92
 206   289.549 56698.45774954 20.84  16.795761  -1.384823  7.765  262.12  266.28  258.92
 206   289.736 56698.45775013 21.91  16.796653  -1.387324  8.608  262.12  266.28  258.92
 206   289.598 56698.45775072 23.54  16.797545  -1.389825 12.299  262.12  266.28  258.92
 206   289.357 56698.45775131 25.97  16.798437  -1.392327 19.601  262.12  266.28  258.92
 206   289.481 56698.45775190 29.79  16.799330  -1.394828 32.441  262.12  266.28  258.92
 206   289.664 56698.45775249 30.72  16.800222  -1.397330   -100 -100.00 -100.00 -100.00
 207   289.625 56708.37338294 25.68  16.793209  -1.367835 21.772  263.78  268.27  261.10
 207   289.509 56708.37338353 19.71  16.794101  -1.370336  9.784  263.78  268.27  261.10
 207   289.129 56708.37338412 19.19  16.794994  -1.372837  9.053  263.78  268.27  261.10
 207   289.075 56708.37338471 18.28  16.795886  -1.375339  6.656  263.78  268.27  261.10
 207   289.115 56708.37338530 18.57  16.796778  -1.377840  7.585  263.78  268.27  261.10
 207   289.179 56708.37338589 18.36  16.797671  -1.380341  6.413  263.78  268.27  261.10
 207   289.369 56708.37338648 19.93  16.798563  -1.382843  7.964  263.78  268.27  261.10
 207   289.526 56708.37338707 21.80  16.799455  -1.385344 10.639  263.78  268.27  261.10
 207   289.560 56708.37338766 22.89  16.800347  -1.387845 13.089  263.78  268.27  261.10
 207   289.291 56708.37338825 26.10  16.801240  -1.390347 20.560  262.69  267.47  260.68
 207   289.487 56708.37338884 27.79  16.802132  -1.392848 26.360  262.69  267.47  260.68
 211   289.404 56748.03596825 52.12  16.785917  -1.370938  7.059  258.69  264.91  256.07
 211   289.547 56748.03596884 50.03  16.786809  -1.373439   -100  258.69  264.91  256.07
 211   289.485 56748.03596943 53.01  16.787701  -1.375940  1.522  258.69  264.91  256.07
 211   289.238 56748.03597002 44.28  16.788593  -1.378442  0.221  258.69  264.91  256.07
 211   289.190 56748.03597061 49.17  16.789485  -1.380943 30.067  258.69  264.91  256.07
 211   289.193 56748.03597120 51.41  16.790377  -1.383444 28.086  258.69  264.91  256.07
 211   289.320 56748.03597179 50.25  16.791270  -1.385945  8.883  258.69  264.91  256.07
 211   289.181 56748.03597238 51.28  16.792162  -1.388447 26.405  257.25  263.63  254.90
 211   289.150 56748.03597297 43.17  16.793054  -1.390948  3.683  257.25  263.63  254.90
 211   289.130 56748.03597356 47.57  16.793946  -1.393449 26.490  257.25  263.63  254.90
 211   289.157 56748.03597415 49.29  16.794838  -1.395950 20.624  257.25  263.63  254.90
 211   289.588 56748.03597474 49.23  16.795730  -1.398452   -100  257.25  263.63  254.90
 211   289.483 56748.03597533 50.98  16.796622  -1.400953   -100  257.25  263.63  254.90
 212   289.488 56757.95160823 48.95  16.788239  -1.369488   -100  261.49  267.78  258.95
 212   289.604 56757.95160882 50.04  16.789131  -1.371989   -100  259.04  265.32  256.15
 212   289.312 56757.95160941 52.19  16.790023  -1.374491 10.257  259.04  265.32  256.15
 212   289.361 56757.95161000 54.12  16.790915  -1.376992  9.441  259.04  265.32  256.15
 212   289.235 56757.95161059 55.22  16.791807  -1.379493 18.190  259.04  265.32  256.15
 212   289.162 56757.95161118 54.19  16.792699  -1.381994 32.249  259.04  265.32  256.15
 212   289.156 56757.95161177 50.83  16.793592  -1.384496 25.344  259.04  265.32  256.15
 212   289.192 56757.95161236 56.08  16.794484  -1.386997 22.752  259.04  265.32  256.15
 212   289.168 56757.95161295 52.43  16.795376  -1.389498 20.146  259.04  265.32  256.15
 212   289.173 56757.95161354 55.28  16.796268  -1.391999 23.600  259.04  265.32  256.15
 212   289.106 56757.95161413 55.37  16.797160  -1.394501   -100  259.04  265.32  256.15
 212   289.114 56757.95161472 56.31  16.798052  -1.397002   -100  259.04  265.32  256.15
 215   290.011 56787.69854295 48.19  16.788656  -1.369006   -100  259.44  266.17  256.88
 215   290.014 56787.69854354 50.05  16.789548  -1.371508  9.394  259.44  266.17  256.88
 215   289.994 56787.69854413 50.39  16.790440  -1.374009 13.011  259.44  266.17  256.88
 215   289.997 56787.69854472 47.45  16.791333  -1.376511   -100  259.44  266.17  256.88
 215   289.983 56787.69854531 51.39  16.792225  -1.379012 20.439  259.44  266.17  256.88
 215   289.961 56787.69854590 50.42  16.793117  -1.381513 17.841  259.44  266.17  256.88
 215   289.955 56787.69854649 53.37  16.794009  -1.384015   -100  259.44  266.17  256.88
 215   289.951 56787.69854708 52.38  16.794902  -1.386516 28.915  259.44  266.17  256.88
 215   289.946 56787.69854767 53.36  16.795794  -1.389017 32.684  259.44  266.17  256.88
 215   289.937 56787.69854826 54.34  16.796686  -1.391519   -100  259.44  266.17  256.88
 215   289.925 56787.69854885 53.97  16.797578  -1.394020   -100  259.44  266.17  256.88
 215   289.923 56787.69854944 56.33  16.798471  -1.396521   -100  259.44  266.17  256.88
 216   290.632 56797.61419559 51.97  16.784918  -1.371658   -100  258.93  265.18  255.29
 216   290.689 56797.61419618 52.30  16.785810  -1.374159   -100  258.93  265.18  255.29
 216   290.606 56797.61419677 54.05  16.786702  -1.376661  5.733  258.93  265.18  255.29
 216   290.590 56797.61419736 57.29  16.787594  -1.379162 17.323  258.93  265.18  255.29
 216   290.595 56797.61419795 56.41  16.788487  -1.381664 11.782  258.93  265.18  255.29
 216   290.599 56797.61419854 55.01  16.789379  -1.384165  9.090  258.93  265.18  255.29
 216   290.596 56797.61419913 54.81  16.790271  -1.386666  4.888  258.93  265.18  255.29
 216   290.595 56797.61419972 55.14  16.791163  -1.389168  6.504  258.93  265.18  255.29
 216   290.591 56797.61420031 54.40  16.792056  -1.391669  4.510  258.93  265.18  255.29
 216   290.596 56797.61420090 51.55  16.792948  -1.394171   -100  258.93  265.18  255.29
 216   290.590 56797.61420149 54.20  16.793840  -1.396672   -100  258.93  265.18  255.29
 216   290.585 56797.61420208 54.74  16.794733  -1.399173   -100  258.93  265.18  255.29
 216   290.579 56797.61420267 55.38  16.795625  -1.401675   -100  258.93  265.18  255.29
 223   289.978 56867.02369123 49.34  16.789512  -1.368542   -100  258.60  265.06  256.27
 223   289.995 56867.02369182 50.35  16.790405  -1.371043   -100  258.60  265.06  256.27
 223   289.976 56867.02369241 53.07  16.791297  -1.373545   -100  258.60  265.06  256.27
 223   289.544 56867.02369300 54.48  16.792189  -1.376047   -100  258.60  265.06  256.27
 223   289.551 56867.02369359 57.47  16.793082  -1.378548   -100  258.60  265.06  256.27
 223   289.543 56867.02369418 55.58  16.793974  -1.381050   -100  258.60  265.06  256.27
 223   289.542 56867.02369477 56.35  16.794866  -1.383551 31.636  258.60  265.06  256.27
 223   289.550 56867.02369536 53.88  16.795759  -1.386053 27.010  258.60  265.06  256.27
 223   289.539 56867.02369595 55.73  16.796651  -1.388555 29.262  258.60  265.06  256.27
 223   289.547 56867.02369654 56.30  16.797544  -1.391056 25.840  258.60  265.06  256.27
 223   289.536 56867.02369713 56.31  16.798436  -1.393558 26.365  258.60  265.06  256.27
 223   289.499 56867.02369773 57.45  16.799328  -1.396059   -100  258.60  265.06  256.27
 224   289.903 56876.93934228 51.27  16.788008  -1.367893 11.387  256.46  261.71  254.11
 224   290.186 56876.93934287 49.32  16.788901  -1.370395   -100  256.46  261.71  254.11
 224   290.182 56876.93934346 52.37  16.789793  -1.372896   -100  256.46  261.71  254.11
 224   290.062 56876.93934405 54.04  16.790685  -1.375398  1.804  256.46  261.71  254.11
 224   289.773 56876.93934464 56.37  16.791578  -1.377900   -100  256.46  261.71  254.11
 224   289.750 56876.93934523 58.44  16.792470  -1.380401   -100  256.46  261.71  254.11
 224   289.738 56876.93934582 58.45  16.793362  -1.382903   -100  256.46  261.71  254.11
 224   289.748 56876.93934641 58.43  16.794255  -1.385405   -100  256.46  261.71  254.11
 224   289.740 56876.93934700 57.20  16.795147  -1.387906   -100  256.46  261.71  254.11
 224   289.732 56876.93934759 56.05  16.796040  -1.390408   -100  256.46  261.71  254.11
 224   289.710 56876.93934818 57.67  16.796932  -1.392910   -100  256.46  261.71  254.11
 224   289.694 56876.93934878 56.40  16.797824  -1.395411   -100 -100.00 -100.00 -100.00
 224   289.706 56876.93934937 57.47  16.798717  -1.397913   -100 -100.00 -100.00 -100.00
 227   290.402 56906.68627880 55.42  16.785402  -1.369586   -100  256.33  262.84  253.21
 227   290.466 56906.68627939 52.26  16.786294  -1.372088  8.952  256.33  262.84  253.21
 227   290.465 56906.68627998 55.25  16.787187  -1.374589 14.185  256.33  262.84  253.21
 227   290.438 56906.68628057 54.37  16.788079  -1.377091 19.377  256.33  262.84  253.21
 227   290.437 56906.68628116 55.97  16.788972  -1.379593 22.630  256.33  262.84  253.21
 227   290.425 56906.68628175 56.30  16.789864  -1.382094 24.808  256.33  262.84  253.21
 227   290.418 56906.68628234 56.32  16.790757  -1.384596 27.379  256.33  262.84  253.21
 227   290.414 56906.68628293 57.42  16.791649  -1.387098 29.139  257.23  264.19  254.72
 227   290.382 56906.68628352 55.77  16.792542  -1.389600   -100  257.23  264.19  254.72
 227   290.372 56906.68628412 56.31  16.793434  -1.392101   -100  257.23  264.19  254.72
 227   290.392 56906.68628471 56.49  16.794327  -1.394603 28.324  257.23  264.19  254.72
 227   290.364 56906.68628530 56.38  16.795219  -1.397105   -100  257.23  264.19  254.72
 227   290.355 56906.68628589 57.16  16.796112  -1.399607   -100  257.23  264.19  254.72
 228   290.664 56916.60191989 34.63  16.785138  -1.370310 19.394  257.29  263.51  253.60
 228   290.442 56916.60192048 29.93  16.786030  -1.372812  8.649  257.29  263.51  253.60
 228   290.314 56916.60192107 30.56  16.786923  -1.375313  9.178  257.29  263.51  253.60
 228   290.357 56916.60192166 29.97  16.787815  -1.377815  8.587  257.29  263.51  253.60
 228   290.366 56916.60192225 30.84  16.788707  -1.380317  9.383  257.29  263.51  253.60
 228   290.337 56916.60192284 31.21  16.789600  -1.382819 10.643  255.27  261.65  251.43
 228   290.388 56916.60192343 32.32  16.790492  -1.385321 11.596  255.27  261.65  251.43
 228   290.562 56916.60192402 33.86  16.791385  -1.387823 17.220  255.27  261.65  251.43
 228   290.644 56916.60192461 32.29  16.792277  -1.390324 11.148  255.27  261.65  251.43
 228   290.756 56916.60192520 35.85  16.793170  -1.392826 21.078  255.27  261.65  251.43
 228   290.850 56916.60192579 38.37  16.794062  -1.395328 26.425  255.27  261.65  251.43
 228   290.604 56916.60192638 40.94  16.794954  -1.397830   -100  255.27  261.65  251.43
 228   290.915 56916.60192697 42.17  16.795847  -1.400332   -100  255.27  261.65  251.43
 231   291.290 56946.34882607 50.37  16.795680  -1.366290 11.239  253.26  261.52  250.42
 231   291.286 56946.34882666 49.11  16.796572  -1.368791   -100  253.26  261.52  250.42
 231   291.258 56946.34882725 51.27  16.797464  -1.371293 10.654  253.26  261.52  250.42
 231   291.235 56946.34882784 52.86  16.798357  -1.373795 20.052  253.26  261.52  250.42
 231   291.214 56946.34882843 53.00  16.799249  -1.376297 30.227  253.26  261.52  250.42
 231   291.196 56946.34882902 51.56  16.800141  -1.378799 30.243  253.26  261.52  250.42
 231   291.179 56946.34882961 51.87  16.801034  -1.381301   -100  253.26  261.52  250.42
 231   291.159 56946.34883020 53.50  16.801926  -1.383803   -100  253.26  261.52  250.42
 231   291.144 56946.34883080 53.49  16.802819  -1.386304   -100  253.26  261.52  250.42
 235   292.001 56986.01141378 44.26  16.789940  -1.369018  2.293  235.31  247.17  228.56
 235   292.006 56986.01141437 49.80  16.790832  -1.371519 27.054  235.31  247.17  228.56
 235   292.305 56986.01141496 49.09  16.791724  -1.374021   -100  235.31  247.17  228.56
 235   292.314 56986.01141555 50.18  16.792617  -1.376523   -100  235.31  247.17  228.56
 235   292.032 56986.01141614 51.44  16.793509  -1.379024 17.066  235.31  247.17  228.56
 235   292.019 56986.01141673 53.46  16.794401  -1.381526 27.218  235.31  247.17  228.56
 235   292.059 56986.01141732 53.37  16.795293  -1.384028 16.938  235.31  247.17  228.56
 235   292.263 56986.01141791 54.15  16.796186  -1.386529  5.861  235.31  247.17  228.56
 235   292.070 56986.01141850 54.39  16.797078  -1.389031 17.896  235.31  247.17  228.56
 235   292.010 56986.01141909 56.36  16.797970  -1.391532 26.397  235.31  247.17  228.56
 235   291.989 56986.01141968 55.64  16.798863  -1.394034   -100  235.31  247.17  228.56
 235   291.996 56986.01142027 56.39  16.799755  -1.396536 29.195  235.31  247.17  228.56
 236   292.551 56995.92704765 52.08  16.792950  -1.365637   -100  234.46  247.63  230.23
 236   292.225 56995.92704824 54.42  16.793843  -1.368139 20.071  234.46  247.63  230.23
 236   292.215 56995.92704883 55.17  16.794735  -1.370640 31.234  234.46  247.63  230.23
 236   292.196 56995.92704942 51.26  16.795627  -1.373142 17.491  234.46  247.63  230.23
 236   292.181 56995.92705002 52.91  16.796520  -1.375644 24.096  234.46  247.63  230.23
 236   292.253 56995.92705061 54.31  16.797412  -1.378145 10.982  234.46  247.63  230.23
 236   292.429 56995.92705120 53.67  16.798304  -1.380647  1.763  234.46  247.63  230.23
 236   292.484 56995.92705179 53.39  16.799196  -1.383148   -100  234.46  247.63  230.23
 236   292.179 56995.92705238 55.34  16.800089  -1.385650 28.770  234.46  247.63  230.23
 236   292.188 56995.92705297 53.91  16.800981  -1.388152   -100  234.46  247.63  230.23
 236   292.172 56995.92705356 55.23  16.801873  -1.390653   -100  238.71  252.37  237.20
 236   292.172 56995.92705415 51.83  16.802766  -1.393155 24.699  238.71  252.37  237.20
 239   291.567 57025.67399608 33.46  16.789440  -1.368555 10.532  242.34  251.22  236.95
 239   291.574 57025.67399667 30.94  16.790332  -1.371056  5.799  242.34  251.22  236.95
 239   291.316 57025.67399726 31.23  16.791225  -1.373557  6.048  242.34  251.22  236.95
 239   291.091 57025.67399785 31.94  16.792117  -1.376059  6.722  242.34  251.22  236.95
 239   291.412 57025.67399844 31.39  16.793009  -1.378560  6.417  242.34  251.22  236.95
 239   291.548 57025.67399903 31.15  16.793902  -1.381062  5.820  242.34  251.22  236.95
 239   291.750 57025.67399962 32.86  16.794794  -1.383563  7.146  242.34  251.22  236.95
 239   291.641 57025.67400021 37.28  16.795687  -1.386065 16.856  242.34  251.22  236.95
 239   291.686 57025.67400081 40.68  16.796579  -1.388566 27.843  242.34  251.22  236.95
 239   291.924 57025.67400140 42.18  16.797472  -1.391067 26.644  242.14  251.73  237.93
 239   291.793 57025.67400199 42.82  16.798364  -1.393569   -100  242.14  251.73  237.93
 239   291.681 57025.67400258 44.43  16.799257  -1.396070   -100  242.14  251.73  237.93
 243   289.542 57065.33657348 47.38  16.791432  -1.368161   -100  261.61  266.88  258.68
 243   289.582 57065.33657407 51.44  16.792325  -1.370662   -100  261.61  266.88  258.68
 243   289.225 57065.33657467 53.38  16.793217  -1.373163 12.399  261.61  266.88  258.68
 243   289.161 57065.33657526 56.48  16.794109  -1.375665   -100  261.61  266.88  258.68
 243   289.158 57065.33657585 56.77  16.795001  -1.378166 31.603  261.61  266.88  258.68
 243   289.139 57065.33657644 54.72  16.795894  -1.380667 31.810  261.61  266.88  258.68
 243   289.147 57065.33657703 56.15  16.796786  -1.383169 30.702  261.61  266.88  258.68
 243   289.151 57065.33657762 53.87  16.797678  -1.385670 22.070  261.61  266.88  258.68
 243   289.126 57065.33657821 56.47  16.798571  -1.388172 32.684  261.61  266.88  258.68
 243   289.096 57065.33657880 53.39  16.799463  -1.390673   -100  260.37  266.12  258.40
 243   289.086 57065.33657939 55.61  16.800355  -1.393174   -100  260.37  266.12  258.40
 243   289.063 57065.33657998 52.29  16.801247  -1.395676   -100  260.37  266.12  258.40
 247   289.399 57104.99914853 48.32  16.789220  -1.368902   -100  258.17  263.89  255.61
 247   289.225 57104.99914912 51.20  16.790112  -1.371403   -100  258.17  263.89  255.61
 247   289.085 57104.99914971 54.32  16.791004  -1.373904 11.424  258.17  263.89  255.61
 247   289.110 57104.99915030 55.32  16.791896  -1.376405 11.647  258.17  263.89  255.61
 247   288.952 57104.99915089 55.95  16.792788  -1.378907 23.280  258.17  263.89  255.61
 247   288.921 57104.99915148 56.01  16.793680  -1.381408 29.063  258.17  263.89  255.61
 247   288.905 57104.99915207 56.04  16.794572  -1.383909   -100  258.17  263.89  255.61
 247   288.914 57104.99915266 54.29  16.795464  -1.386411 28.246  258.17  263.89  255.61
 247   288.918 57104.99915325 55.98  16.796356  -1.388912 25.537  258.17  263.89  255.61
 247   288.875 57104.99915384 56.49  16.797248  -1.391413   -100  258.17  263.89  255.61
 247   288.846 57104.99915443 56.52  16.798140  -1.393914   -100  258.17  263.89  255.61
 247   288.815 57104.99915502 56.84  16.799032  -1.396416   -100  258.17  263.89  255.61
