#  287.820  -0.299   2.191 ;Mean Elev.(m), Avg Gradient(m/km), RMS Gradient(m/km) - SRTM1     
#  274.036  -0.266   4.457 ;Mean Elev.(m), Avg Gradient(m/km), RMS Gradient(m/km) - ASTER GDEM
#  288.000  -0.297   2.356 ;Mean Elev.(m), Avg Gradient(m/km), RMS Gradient(m/km) - GMTED2010 
  31   290.205 54963.22022434 56.27  16.765328  -1.286104   -100  260.38  267.69  258.13
  31   290.336 54963.22022493 56.01  16.766221  -1.288605 26.438  260.38  267.69  258.13
  34   290.508 54992.96716632 50.21  16.760906  -1.285172 14.544  263.70  270.40  261.35
  34   290.723 54992.96716691 51.92  16.761798  -1.287674   -100  263.70  270.40  261.35
  34   290.589 54992.96716750 53.05  16.762690  -1.290175 11.129  263.70  270.40  261.35
  34   290.392 54992.96716809 54.25  16.763582  -1.292677 29.363  263.70  270.40  261.35
  34   290.379 54992.96716868 54.62  16.764474  -1.295178 32.758  263.70  270.40  261.35
  35   290.670 55002.88281244 51.99  16.760968  -1.286365   -100  261.77  267.44  258.38
  35   290.397 55002.88281303 54.11  16.761861  -1.288867 18.498  257.99  263.36  254.31
  35   290.381 55002.88281362 55.24  16.762753  -1.291368   -100  257.99  263.36  254.31
  35   290.391 55002.88281421 56.32  16.763645  -1.293870   -100  257.99  263.36  254.31
  35   290.405 55002.88281480 56.32  16.764537  -1.296371   -100  257.99  263.36  254.31
  36   290.243 55012.79845679 53.20  16.760631  -1.288447 22.376  263.04  268.26  261.13
  36   290.308 55012.79845738 53.94  16.761523  -1.290949  1.720  263.04  268.26  261.13
  36   290.043 55012.79845797 56.85  16.762415  -1.293451   -100  263.04  268.26  261.13
  36   290.137 55012.79845857 55.64  16.763307  -1.295952   -100  263.04  268.26  261.13
  37   290.503 55022.71409948 50.22  16.759924  -1.288948   -100  264.47  269.45  262.34
  37   290.159 55022.71410007 51.30  16.760816  -1.291449 22.803  264.47  269.45  262.34
  37   290.323 55022.71410066 48.88  16.761709  -1.293951   -100  264.47  269.45  262.34
  37   290.069 55022.71410125 49.54  16.762601  -1.296452  3.027  264.47  269.45  262.34
  37   290.062 55022.71410184 51.21  16.763493  -1.298954 17.392  264.47  269.45  262.34
  46   291.018 55111.95489379 51.22  16.759197  -1.293826 13.908  259.69  267.22  257.21
  46   290.954 55111.95489438 52.28  16.760090  -1.296327 22.376  259.69  267.22  257.21
  46   290.906 55111.95489497 55.30  16.760982  -1.298829   -100  255.70  263.34  252.58
  46   290.898 55111.95489556 56.39  16.761874  -1.301331   -100  255.70  263.34  252.58
  47   291.190 55121.87053676 50.26  16.759779  -1.291241 13.204  257.87  266.01  255.25
  47   291.148 55121.87053736 52.29  16.760672  -1.293743 24.503  257.87  266.01  255.25
  47   291.119 55121.87053795 54.33  16.761564  -1.296244   -100  257.87  266.01  255.25
  47   291.103 55121.87053854 56.24  16.762456  -1.298746   -100  257.87  266.01  255.25
  48   291.395 55131.78617690 53.26  16.760353  -1.288597 25.788  254.46  262.10  250.63
  48   291.360 55131.78617749 54.66  16.761245  -1.291099   -100  254.46  262.10  250.63
  48   291.333 55131.78617808 53.63  16.762138  -1.293601 28.061  254.46  262.10  250.63
  48   291.315 55131.78617867 53.86  16.763030  -1.296102 28.524  254.46  262.10  250.63
  49   292.178 55141.70181527 50.85  16.760102  -1.286627   -100  244.98  253.73  239.06
  49   291.769 55141.70181586 54.25  16.760994  -1.289129 22.618  244.98  253.73  239.06
  49   291.711 55141.70181645 54.23  16.761887  -1.291630 31.764  244.98  253.73  239.06
  49   291.680 55141.70181704 52.30  16.762779  -1.294132 28.229  244.98  253.73  239.06
  49   291.649 55141.70181763 51.00  16.763672  -1.296634 28.658  244.98  253.73  239.06
  58   290.601 55230.94261785 45.36  16.759425  -1.295571 11.572  262.49  268.86  259.84
  58   290.708 55230.94261844 47.07  16.760317  -1.298072  1.494  262.49  268.86  259.84
  58   290.762 55230.94261903 45.27  16.761209  -1.300574   -100  262.49  268.86  259.84
  59   290.697 55240.85826186 45.98  16.759249  -1.292929   -100  264.07  270.95  261.07
  59   290.525 55240.85826245 47.02  16.760141  -1.295430   -100  264.07  270.95  261.07
  59   290.578 55240.85826304 53.04  16.761034  -1.297931   -100  264.07  270.95  261.07
  59   290.602 55240.85826363 53.94  16.761926  -1.300433   -100  264.07  270.95  261.07
  60   290.146 55250.77390292 43.88  16.758921  -1.293568   -100  265.58  271.90  263.11
  60   290.878 55250.77390351 45.18  16.759813  -1.296069 24.264  265.58  271.90  263.11
  60   290.059 55250.77390410 50.39  16.760706  -1.298570 28.031  265.58  271.90  263.11
  60   290.247 55250.77390469 53.94  16.761598  -1.301071   -100  265.58  271.90  263.11
  61   290.030 55260.68954216 39.22  16.758298  -1.295417   -100  269.23  275.30  266.58
  61   289.688 55260.68954275 37.71  16.759190  -1.297918   -100  269.23  275.30  266.58
  61   289.769 55260.68954334 36.15  16.760082  -1.300420 32.286  269.23  275.30  266.58
  61   289.761 55260.68954393 40.41  16.760975  -1.302921   -100  269.23  275.30  266.58
  70   290.504 55349.93031350 48.28  16.760008  -1.286239 11.350  265.62  272.50  263.66
  70   290.557 55349.93031409 53.27  16.760900  -1.288741 13.359  265.62  272.50  263.66
  70   290.585 55349.93031468 54.00  16.761792  -1.291242 15.848  265.62  272.50  263.66
  70   290.662 55349.93031527 56.44  16.762684  -1.293744   -100  265.62  272.50  263.66
  70   290.434 55349.93031586 55.57  16.763577  -1.296245 17.236  265.62  272.50  263.66
  71   290.907 55359.84595522 48.24  16.761704  -1.286560   -100  264.02  270.51  262.18
  71   290.572 55359.84595581 52.18  16.762596  -1.289061 19.346  264.02  270.51  262.18
  71   290.607 55359.84595640 50.37  16.763489  -1.291563 24.949  264.02  270.51  262.18
  71   290.623 55359.84595699 49.14  16.764381  -1.294064 16.902  259.39  265.94  256.83
  72   290.370 55369.76159432 52.52  16.761592  -1.285424   -100  265.11  270.96  262.38
  72   290.625 55369.76159491 53.27  16.762484  -1.287925   -100  265.11  270.96  262.38
  72   290.413 55369.76159550 54.31  16.763376  -1.290427 14.464  265.11  270.96  262.38
  72   290.382 55369.76159609 56.55  16.764269  -1.292928   -100  265.11  270.96  262.38
  72   290.440 55369.76159668 56.53  16.765161  -1.295430   -100  265.11  270.96  262.38
  73   290.557 55379.67723248 50.11  16.761879  -1.285941   -100  270.74  276.73  268.76
  73   290.442 55379.67723307 51.20  16.762771  -1.288442  2.811  270.74  276.73  268.76
  73   290.264 55379.67723366 53.31  16.763664  -1.290944 15.972  270.74  276.73  268.76
  73   290.318 55379.67723425 55.00  16.764556  -1.293446   -100  265.93  271.73  263.27
  82   291.108 55468.91802327 49.59  16.760193  -1.286587 30.387  255.47  261.40  252.07
  82   291.107 55468.91802386 52.56  16.761086  -1.289089   -100  255.47  261.40  252.07
  82   291.130 55468.91802445 54.04  16.761978  -1.291590   -100  255.47  261.40  252.07
  82   291.150 55468.91802504 51.09  16.762870  -1.294092 30.380  255.47  261.40  252.07
  82   291.190 55468.91802563 45.30  16.763763  -1.296594  0.910  255.47  261.40  252.07
  83   291.089 55478.83366191 54.52  16.763034  -1.286985   -100  258.75  265.87  255.73
  83   291.087 55478.83366250 53.45  16.763926  -1.289487 24.605  258.75  265.87  255.73
  83   291.081 55478.83366309 54.50  16.764819  -1.291988 31.199  258.75  265.87  255.73
  84   291.026 55488.74929768 56.45  16.765415  -1.287376 21.044  259.70  266.93  257.45
  84   291.120 55488.74929827 54.74  16.766307  -1.289878 11.979  259.70  266.93  257.45
  93   290.582 55577.99009209 48.56  16.759611  -1.288338 28.416  259.87  265.38  257.35
  93   290.613 55577.99009268 51.59  16.760504  -1.290839 30.272  259.87  265.38  257.35
  93   290.692 55577.99009327 52.00  16.761396  -1.293341  6.675  255.64  260.97  252.84
  93   290.530 55577.99009386 47.64  16.762288  -1.295842  9.315  255.64  260.97  252.84
  93   290.381 55577.99009445 45.36  16.763180  -1.298344 15.725  255.64  260.97  252.84
  94   289.961 55587.90573092 49.73  16.761317  -1.285423   -100  257.17  262.47  254.36
  94   290.073 55587.90573151 52.65  16.762210  -1.287924   -100  257.17  262.47  254.36
  94   290.125 55587.90573211 52.52  16.763102  -1.290426 20.301  257.17  262.47  254.36
  94   290.184 55587.90573270 46.18  16.763994  -1.292927   -100  257.17  262.47  254.36
  94   290.189 55587.90573329 41.99  16.764886  -1.295428   -100  257.17  262.47  254.36
  95   289.814 55597.82136750 54.52  16.764767  -1.285931 23.254  264.66  270.52  262.46
  95   289.879 55597.82136809 54.97  16.765659  -1.288433  9.545  260.14  265.81  257.17
  95   289.912 55597.82136868 52.90  16.766551  -1.290934   -100  260.14  265.81  257.17
  96   289.620 55607.73700125 33.30  16.766706  -1.286200   -100  263.86  269.48  261.71
  96   289.741 55607.73700184 30.94  16.767599  -1.288702 23.160  263.86  269.48  261.71
 105   289.309 55696.97778317 50.32  16.763837  -1.285968   -100  266.63  272.30  264.69
 105   289.022 55696.97778377 51.95  16.764729  -1.288470   -100  266.63  272.30  264.69
 105   289.160 55696.97778436 46.72  16.765621  -1.290971  4.135  266.63  272.30  264.69
 107   288.936 55716.80906818 56.77  16.766506  -1.286934   -100  267.27  273.20  265.50
 107   288.962 55716.80906877 54.36  16.767398  -1.289435   -100  267.27  273.20  265.50
 108   289.106 55726.72471573 34.29  16.763417  -1.285461   -100  270.95  276.49  269.43
 108   288.752 55726.72471632 33.18  16.764309  -1.287962   -100  266.10  271.80  263.98
 108   288.839 55726.72471691 27.95  16.765201  -1.290464 30.918  266.10  271.80  263.98
 108   288.864 55726.72471750 24.73  16.766093  -1.292965 18.859  266.10  271.80  263.98
 123   291.787 55875.45934460 53.83  16.764807  -1.285564 29.779  251.03  260.57  245.13
 123   291.777 55875.45934519 54.75  16.765700  -1.288066 30.215  245.72  255.87  240.02
 123   291.762 55875.45934578 53.65  16.766592  -1.290568 24.545  245.72  255.87  240.02
 133   289.356 55974.61577935 46.85  16.760980  -1.285051 19.934  265.53  271.79  263.42
 133   289.350 55974.61577994 48.09  16.761872  -1.287553 27.679  260.76  266.55  257.81
 133   289.363 55974.61578053 46.24  16.762765  -1.290054 16.848  260.76  266.55  257.81
 133   289.394 55974.61578112 44.59  16.763657  -1.292555   -100  260.76  266.55  257.81
 133   289.801 55974.61578171 37.83  16.764549  -1.295056 28.393  260.76  266.55  257.81
 134   289.229 55984.53141642 46.13  16.763440  -1.285575 16.258  264.64  270.62  261.78
 134   289.212 55984.53141701 49.98  16.764333  -1.288076   -100  264.64  270.62  261.78
 134   289.229 55984.53141760 48.87  16.765225  -1.290577 29.532  264.64  270.62  261.78
 145   289.622 56093.60349317 52.31  16.761022  -1.286413 21.898  265.90  272.11  264.98
 145   289.704 56093.60349376 52.83  16.761914  -1.288915   -100  265.90  272.11  264.98
 145   289.779 56093.60349435 49.69  16.762807  -1.291417 16.473  265.90  272.11  264.98
 145   289.843 56093.60349494 41.11  16.763699  -1.293918 30.351  265.90  272.11  264.98
 145   289.788 56093.60349553 39.05  16.764591  -1.296420 23.376  265.90  272.11  264.98
 146   289.378 56103.51913844 49.60  16.760981  -1.286232   -100  267.63  272.53  265.50
 146   289.585 56103.51913903 48.10  16.761873  -1.288733 15.961  267.63  272.53  265.50
 146   289.656 56103.51913962 46.67  16.762765  -1.291235   -100  267.63  272.53  265.50
 146   289.393 56103.51914021 46.64  16.763658  -1.293736 25.734  267.63  272.53  265.50
 146   289.521 56103.51914080 37.24  16.764550  -1.296238 30.580  267.63  272.53  265.50
 147   289.521 56113.43476949 50.67  16.761847  -1.286143  0.092  268.50  274.05  266.64
 147   289.462 56113.43477008 51.87  16.762739  -1.288644 14.987  268.50  274.05  266.64
 147   289.281 56113.43477067 52.93  16.763631  -1.291146 25.893  268.50  274.05  266.64
 147   289.422 56113.43477126 54.34  16.764523  -1.293648   -100  268.50  274.05  266.64
 148   289.309 56123.35040831 35.18  16.763333  -1.285556  1.500  269.88  275.69  268.95
 148   289.226 56123.35040890 33.09  16.764225  -1.288058  3.702  269.88  275.69  268.95
 148   289.278 56123.35040949 24.45  16.765117  -1.290559 19.361  265.24  271.07  263.44
 148   289.272 56123.35041008 23.30  16.766010  -1.293061 18.198  265.24  271.07  263.44
 157   291.247 56212.59117607 55.00  16.766410  -1.286020 15.091  263.07  270.28  260.58
 157   291.195 56212.59117666 54.16  16.767303  -1.288522 19.397  263.07  270.28  260.58
 164   291.934 56282.00069229 55.11  16.762487  -1.286079   -100  250.07  259.95  246.14
 164   291.922 56282.00069288 56.03  16.763379  -1.288581   -100  250.07  259.95  246.14
 164   291.915 56282.00069347 56.01  16.764271  -1.291083   -100  250.07  259.95  246.14
 164   291.883 56282.00069406 56.01  16.765163  -1.293584   -100  250.07  259.95  246.14
 169   290.663 56331.57891769 45.45  16.760320  -1.290013   -100  265.30  270.37  261.98
 169   290.406 56331.57891828 39.85  16.761212  -1.292514   -100  265.30  270.37  261.98
 169   290.557 56331.57891887 35.06  16.762105  -1.295015 30.749  265.30  270.37  261.98
 169   290.622 56331.57891946 35.71  16.762997  -1.297517 28.519  265.30  270.37  261.98
 171   289.785 56351.41019666 33.79  16.764805  -1.286960   -100  269.74  275.57  268.25
 171   289.819 56351.41019725 30.32  16.765698  -1.289461 29.181  269.74  275.57  268.25
 174   289.696 56381.15713377 36.44  16.759345  -1.289487   -100  266.61  272.80  265.42
 174   289.875 56381.15713436 31.60  16.760238  -1.291988 28.196  266.61  272.80  265.42
 174   289.461 56381.15713495 31.46  16.761130  -1.294490   -100  266.61  272.80  265.42
 174   289.510 56381.15713554 27.94  16.762022  -1.296991 20.752  266.61  272.80  265.42
 174   289.633 56381.15713613 30.67  16.762914  -1.299492 27.627  262.39  268.70  260.58
 180   290.375 56440.65098564 48.22  16.761186  -1.286229   -100  268.14  274.22  266.34
 180   290.523 56440.65098623 38.92  16.762078  -1.288730   -100  268.14  274.22  266.34
 180   290.196 56440.65098682 34.74  16.762970  -1.291232   -100  268.14  274.22  266.34
 180   290.214 56440.65098741 32.42  16.763863  -1.293733 28.754  268.14  274.22  266.34
 180   290.533 56440.65098800 32.78  16.764755  -1.296235 24.946  268.14  274.22  266.34
 181   290.512 56450.56663707 48.15  16.759961  -1.291467   -100  269.32  274.20  267.09
 181   290.608 56450.56663766 49.85  16.760853  -1.293968   -100  269.32  274.20  267.09
 181   290.428 56450.56663825 52.01  16.761745  -1.296470 19.622  269.32  274.20  267.09
 181   290.565 56450.56663884 52.09  16.762638  -1.298971   -100  269.32  274.20  267.09
 182   289.810 56460.48228525 47.13  16.759378  -1.290609 11.721  270.32  275.89  268.50
 182   289.684 56460.48228584 48.14  16.760270  -1.293111 17.538  270.32  275.89  268.50
 182   289.863 56460.48228643 42.97  16.761162  -1.295612   -100  270.32  275.89  268.50
 182   289.596 56460.48228702 36.18  16.762054  -1.298114 30.638  270.32  275.89  268.50
 183   289.402 56470.39793042 29.67  16.759970  -1.290459   -100  268.04  273.14  265.96
 183   289.059 56470.39793101 27.59  16.760863  -1.292961 30.709  268.04  273.14  265.96
 183   289.058 56470.39793160 28.64  16.761755  -1.295463 32.129  268.04  273.14  265.96
 183   289.452 56470.39793219 25.82  16.762647  -1.297964 18.944  268.04  273.14  265.96
 192   290.402 56559.63870715 47.00  16.760210  -1.285268  0.471  266.39  272.42  264.52
 192   290.267 56559.63870774 50.28  16.761102  -1.287770 32.443  266.39  272.42  264.52
 192   290.515 56559.63870833 50.16  16.761994  -1.290271   -100  266.39  272.42  264.52
 192   290.252 56559.63870892 50.10  16.762887  -1.292773 31.764  266.39  272.42  264.52
 192   290.427 56559.63870951 44.89  16.763779  -1.295275  0.139  266.39  272.42  264.52
 193   290.844 56569.55434958 47.17  16.760248  -1.287023   -100  262.87  268.89  260.62
 193   290.495 56569.55435017 40.86  16.761141  -1.289525 13.025  262.87  268.89  260.62
 193   290.215 56569.55435076 38.18  16.762033  -1.292027  6.577  262.87  268.89  260.62
 193   290.277 56569.55435135 35.60  16.762926  -1.294529   -100  262.87  268.89  260.62
 193   290.338 56569.55435194 39.07  16.763818  -1.297031   -100  262.87  268.89  260.62
 194   291.123 56579.46999065 44.78  16.762053  -1.286672   -100  261.24  267.13  255.52
 194   290.778 56579.46999124 39.48  16.762945  -1.289174   -100  261.24  267.13  255.52
 194   290.852 56579.46999183 37.45  16.763837  -1.291676 26.916  261.24  267.13  255.52
 194   290.793 56579.46999242 41.70  16.764730  -1.294178   -100  261.24  267.13  255.52
 205   290.182 56688.54208540 34.58  16.759946  -1.290534   -100  267.51  273.59  264.71
 205   290.062 56688.54208599 31.48  16.760838  -1.293036 29.393  267.51  273.59  264.71
 205   289.905 56688.54208658 33.21  16.761730  -1.295537   -100  267.51  273.59  264.71
 205   290.127 56688.54208717 37.93  16.762622  -1.298038   -100  267.51  273.59  264.71
 206   290.139 56698.45772652 31.51  16.760964  -1.287269   -100  268.85  273.58  265.73
 206   290.018 56698.45772711 30.15  16.761856  -1.289770   -100  268.85  273.58  265.73
 206   289.852 56698.45772770 29.84  16.762748  -1.292271   -100  268.85  273.58  265.73
 206   289.928 56698.45772829 29.71  16.763640  -1.294773   -100  268.85  273.58  265.73
 207   289.938 56708.37336346 34.08  16.763765  -1.285291   -100  271.72  276.85  269.70
 207   289.811 56708.37336405 29.64  16.764657  -1.287792   -100  271.72  276.85  269.70
 207   289.962 56708.37336464 26.86  16.765549  -1.290293 22.707  267.13  271.90  264.43
 211   289.936 56748.03595054 43.70  16.759155  -1.295900   -100  262.14  268.58  259.91
 211   289.598 56748.03595113 47.17  16.760047  -1.298401  6.764  262.14  268.58  259.91
 211   289.592 56748.03595172 53.07  16.760939  -1.300903   -100  262.14  268.58  259.91
 212   290.035 56757.95158934 47.10  16.759694  -1.289447   -100  265.63  271.95  263.79
 212   289.535 56757.95158993 51.43  16.760586  -1.291948   -100  265.63  271.95  263.79
 212   289.602 56757.95159052 54.27  16.761478  -1.294450 25.945  265.63  271.95  263.79
 212   289.696 56757.95159111 52.17  16.762370  -1.296951   -100  265.63  271.95  263.79
 212   289.621 56757.95159170 45.77  16.763262  -1.299452  5.311  265.63  271.95  263.79
 215   290.702 56787.69852406 48.88  16.760106  -1.288963   -100  266.01  272.81  264.36
 215   290.439 56787.69852465 53.40  16.760998  -1.291465 31.864  266.01  272.81  264.36
 215   290.520 56787.69852524 51.43  16.761890  -1.293966   -100  266.01  272.81  264.36
 215   290.288 56787.69852583 51.92  16.762782  -1.296467 31.409  266.01  272.81  264.36
 216   290.760 56797.61417788 49.33  16.758152  -1.296615 22.862  266.06  272.95  263.96
 216   290.926 56797.61417847 51.09  16.759044  -1.299117   -100  266.06  272.95  263.96
 216   291.003 56797.61417906 51.99  16.759936  -1.301618   -100  266.06  272.95  263.96
 216   290.725 56797.61417965 53.40  16.760828  -1.304120   -100  261.58  268.05  258.59
 223   290.032 56867.02367175 48.27  16.760066  -1.285988 12.551  265.93  272.64  264.37
 223   290.032 56867.02367234 51.42  16.760958  -1.288490 26.630  265.93  272.64  264.37
 223   290.067 56867.02367293 55.35  16.761851  -1.290991 24.808  265.93  272.64  264.37
 223   290.139 56867.02367352 55.02  16.762743  -1.293493   -100  265.93  272.64  264.37
 223   290.189 56867.02367411 54.01  16.763635  -1.295994   -100  265.93  272.64  264.37
 224   290.399 56876.93932398 51.46  16.760347  -1.290342   -100  263.16  268.61  260.76
 224   290.075 56876.93932457 53.43  16.761239  -1.292843 29.589  263.16  268.61  260.76
 224   290.187 56876.93932516 54.65  16.762131  -1.295345   -100  259.08  264.43  256.29
 224   290.248 56876.93932575 52.40  16.763024  -1.297847 23.173  259.08  264.43  256.29
 227   290.992 56906.68626109 47.07  16.758628  -1.294533   -100  258.08  264.41  255.12
 227   291.018 56906.68626168 49.35  16.759520  -1.297035   -100  258.08  264.41  255.12
 227   291.050 56906.68626227 53.23  16.760413  -1.299537   -100  258.08  264.41  255.12
 227   290.735 56906.68626286 54.30  16.761305  -1.302038 21.943  258.08  264.41  255.12
 228   290.963 56916.60190218 48.44  16.758366  -1.295255 29.759  261.69  267.96  258.74
 228   290.940 56916.60190277 46.95  16.759258  -1.297757 17.995  261.69  267.96  258.74
 228   290.884 56916.60190336 40.91  16.760151  -1.300259   -100  261.69  267.96  258.74
 228   290.898 56916.60190395 33.92  16.761043  -1.302760 24.381  261.69  267.96  258.74
 235   292.538 56986.01139429 54.48  16.760495  -1.286463   -100  244.30  254.85  238.02
 235   292.513 56986.01139488 54.47  16.761387  -1.288965   -100  244.30  254.85  238.02
 235   292.484 56986.01139547 56.44  16.762279  -1.291467   -100  244.30  254.85  238.02
 235   292.464 56986.01139607 56.44  16.763172  -1.293968   -100  244.30  254.85  238.02
 235   292.434 56986.01139666 54.55  16.764064  -1.296470   -100  244.30  254.85  238.02
 236   292.630 56995.92702876 55.45  16.764398  -1.285586 25.632  235.11  246.70  227.81
 236   292.621 56995.92702935 56.39  16.765290  -1.288087 23.750  235.11  246.70  227.81
 236   292.583 56995.92702994 55.65  16.766183  -1.290589 28.068  233.14  245.66  226.94
 239   292.246 57025.67397660 52.46  16.759990  -1.286007 20.163  251.07  259.14  245.79
 239   292.217 57025.67397719 53.48  16.760882  -1.288509 28.306  251.07  259.14  245.79
 239   292.186 57025.67397778 55.82  16.761775  -1.291010   -100  245.53  253.91  239.79
 239   292.163 57025.67397837 55.40  16.762667  -1.293512   -100  245.53  253.91  239.79
 239   292.131 57025.67397896 55.35  16.763560  -1.296013   -100  245.53  253.91  239.79
 243   289.688 57065.33655400 51.26  16.761988  -1.285615  2.665  269.69  275.19  267.18
 243   289.796 57065.33655459 51.57  16.762881  -1.288116   -100  269.69  275.19  267.18
 243   289.545 57065.33655518 52.38  16.763773  -1.290617 10.222  265.04  270.17  261.93
 243   289.526 57065.33655577 54.52  16.764665  -1.293119   -100  265.04  270.17  261.93
 247   289.402 57104.99912964 52.78  16.760675  -1.288860 30.349  266.31  272.49  264.96
 247   289.525 57104.99913023 44.83  16.761567  -1.291361   -100  266.31  272.49  264.96
 247   289.184 57104.99913082 42.96  16.762459  -1.293863   -100  266.31  272.49  264.96
 247   289.272 57104.99913141 43.10  16.763351  -1.296364   -100  266.31  272.49  264.96
