#  339.164  -3.143   7.818 ;Mean Elev.(m), Avg Gradient(m/km), RMS Gradient(m/km) - SRTM1     
#  333.522  -3.078   7.966 ;Mean Elev.(m), Avg Gradient(m/km), RMS Gradient(m/km) - ASTER GDEM
#  339.708  -3.980   9.562 ;Mean Elev.(m), Avg Gradient(m/km), RMS Gradient(m/km) - GMTED2010 
   2   336.800 54671.68390820 38.35  21.234443   2.073210 29.038 -100.00 -100.00 -100.00
   2   336.699 54671.68390879 41.71  21.235336   2.070708   -100 -100.00 -100.00 -100.00
   2   336.664 54671.68390938 42.82  21.236229   2.068206   -100 -100.00 -100.00 -100.00
   2   336.792 54671.68390997 46.12  21.237122   2.065705  8.129 -100.00 -100.00 -100.00
   3   326.448 54681.59955169 26.48  21.233324   2.072863 17.542 -100.00 -100.00 -100.00
   3   327.040 54681.59955228 22.81  21.234217   2.070361  8.496 -100.00 -100.00 -100.00
   3   327.696 54681.59955287 20.31  21.235111   2.067860  4.295 -100.00 -100.00 -100.00
   3   328.219 54681.59955346 19.76  21.236004   2.065358  4.296 -100.00 -100.00 -100.00
   4   337.463 54691.51519460 43.63  21.235169   2.072046 30.465 -100.00 -100.00 -100.00
   4   337.345 54691.51519519 50.17  21.236063   2.069544   -100 -100.00 -100.00 -100.00
   4   337.029 54691.51519578 54.16  21.236956   2.067042 32.264 -100.00 -100.00 -100.00
   5   328.873 54701.43083582 19.74  21.239526   2.069972  3.524 -100.00 -100.00 -100.00
   5   328.918 54701.43083641 19.30  21.240419   2.067470  3.183 -100.00 -100.00 -100.00
   6   337.638 54711.34648278 44.96  21.239299   2.071891   -100 -100.00 -100.00 -100.00
   6   337.205 54711.34648337 49.25  21.240192   2.069389 28.086 -100.00 -100.00 -100.00
   6   337.022 54711.34648396 46.72  21.241086   2.066887  7.584 -100.00 -100.00 -100.00
   7   335.604 54721.26213404 36.07  21.236452   2.071472 30.353 -100.00 -100.00 -100.00
   7   337.540 54721.26213463 45.00  21.237345   2.068970 28.065 -100.00 -100.00 -100.00
   7   337.901 54721.26213522 45.98  21.238238   2.066468 29.602 -100.00 -100.00 -100.00
   8   338.595 54731.17778164 40.68  21.230925   2.074279 16.441 -100.00 -100.00 -100.00
   8   337.897 54731.17778223 45.08  21.231818   2.071778 28.986 -100.00 -100.00 -100.00
   8   337.652 54731.17778282 50.93  21.232712   2.069276   -100 -100.00 -100.00 -100.00
   8   337.703 54731.17778341 53.69  21.233605   2.066774   -100 -100.00 -100.00 -100.00
   8   337.398 54731.17778400 55.87  21.234499   2.064273   -100 -100.00 -100.00 -100.00
   9   338.427 54741.09342847 42.67  21.227849   2.072948 18.812 -100.00 -100.00 -100.00
   9   337.462 54741.09342907 46.78  21.228743   2.070447   -100 -100.00 -100.00 -100.00
   9   337.589 54741.09342966 51.04  21.229636   2.067945   -100 -100.00 -100.00 -100.00
   9   337.250 54741.09343025 49.43  21.230529   2.065444 20.602 -100.00 -100.00 -100.00
   9   337.321 54741.09343084 53.24  21.231423   2.062942   -100 -100.00 -100.00 -100.00
  10   337.615 54751.00907474 38.32  21.226511   2.073812 27.262 -100.00 -100.00 -100.00
  10   337.380 54751.00907533 40.76  21.227405   2.071310   -100 -100.00 -100.00 -100.00
  10   337.118 54751.00907592 42.36  21.228298   2.068808   -100  269.91  273.61  268.59
  10   337.285 54751.00907651 43.44  21.229191   2.066307   -100  269.91  273.61  268.59
  10   337.387 54751.00907710 44.84  21.230085   2.063805   -100  269.91  273.61  268.59
  10   337.522 54751.00907769 46.17  21.230978   2.061304   -100  269.91  273.61  268.59
  11   338.168 54760.92472103 35.80  21.226959   2.074012 22.393 -100.00 -100.00 -100.00
  11   337.762 54760.92472162 37.74  21.227852   2.071511   -100 -100.00 -100.00 -100.00
  11   337.549 54760.92472221 38.62  21.228746   2.069009   -100 -100.00 -100.00 -100.00
  11   337.728 54760.92472281 40.38  21.229639   2.066507   -100 -100.00 -100.00 -100.00
  11   337.785 54760.92472340 42.72  21.230532   2.064006   -100 -100.00 -100.00 -100.00
  11   337.996 54760.92472399 43.83  21.231425   2.061504   -100 -100.00 -100.00 -100.00
  12   338.637 54770.84036494 40.62  21.228269   2.074446 25.377 -100.00 -100.00 -100.00
  12   338.393 54770.84036553 43.32  21.229162   2.071944   -100 -100.00 -100.00 -100.00
  12   338.157 54770.84036612 41.40  21.230056   2.069443   -100 -100.00 -100.00 -100.00
  12   338.030 54770.84036671 37.92  21.230949   2.066941   -100 -100.00 -100.00 -100.00
  12   338.150 54770.84036730 36.20  21.231842   2.064440 31.122 -100.00 -100.00 -100.00
  13   338.982 54780.75600615 43.62  21.230298   2.073038 21.786 -100.00 -100.00 -100.00
  13   338.555 54780.75600674 47.39  21.231192   2.070536   -100 -100.00 -100.00 -100.00
  13   338.206 54780.75600733 51.97  21.232085   2.068035 13.829 -100.00 -100.00 -100.00
  13   338.238 54780.75600792 54.39  21.232978   2.065533 27.665 -100.00 -100.00 -100.00
  14   339.290 54790.67164477 47.83  21.231744   2.072583   -100 -100.00 -100.00 -100.00
  14   339.178 54790.67164536 50.86  21.232638   2.070082   -100 -100.00 -100.00 -100.00
  14   338.828 54790.67164595 54.98  21.233531   2.067580 15.765 -100.00 -100.00 -100.00
  14   338.877 54790.67164654 54.95  21.234424   2.065079 13.594  265.80  269.63  264.17
  17   338.447 54820.41856108 43.88  21.237151   2.072399 27.160 -100.00 -100.00 -100.00
  17   338.037 54820.41856167 48.81  21.238044   2.069897   -100 -100.00 -100.00 -100.00
  17   338.056 54820.41856226 51.71  21.238937   2.067396 16.912 -100.00 -100.00 -100.00
  18   338.557 54830.33421382 39.69  21.235321   2.072401 20.893 -100.00 -100.00 -100.00
  18   338.024 54830.33421441 44.67  21.236215   2.069899   -100 -100.00 -100.00 -100.00
  18   337.809 54830.33421500 49.12  21.237108   2.067398 16.097 -100.00 -100.00 -100.00
  18   337.851 54830.33421559 50.16  21.238001   2.064897 22.039 -100.00 -100.00 -100.00
  19   337.758 54840.24985261 41.74  21.231728   2.073679 25.612 -100.00 -100.00 -100.00
  19   337.876 54840.24985320 47.07  21.232621   2.071178 28.933 -100.00 -100.00 -100.00
  19   337.594 54840.24985379 50.71  21.233514   2.068677   -100 -100.00 -100.00 -100.00
  19   337.439 54840.24985438 54.12  21.234407   2.066175 29.419 -100.00 -100.00 -100.00
  19   337.521 54840.24985497 55.04  21.235300   2.063674 21.279 -100.00 -100.00 -100.00
  20   337.308 54850.16550156 29.53  21.227602   2.074123 13.020 -100.00 -100.00 -100.00
  20   337.077 54850.16550215 30.51  21.228495   2.071622 17.089 -100.00 -100.00 -100.00
  20   337.147 54850.16550274 28.25  21.229388   2.069120 11.113 -100.00 -100.00 -100.00
  20   337.059 54850.16550333 29.06  21.230281   2.066619 12.132 -100.00 -100.00 -100.00
  20   337.152 54850.16550392 29.59  21.231174   2.064118 12.814 -100.00 -100.00 -100.00
  21   338.185 54860.08114991 41.74  21.224777   2.074641 22.857 -100.00 -100.00 -100.00
  21   337.771 54860.08115050 43.66  21.225670   2.072140 31.930 -100.00 -100.00 -100.00
  21   337.728 54860.08115109 51.06  21.226563   2.069639   -100 -100.00 -100.00 -100.00
  21   337.582 54860.08115168 53.90  21.227456   2.067138  5.512 -100.00 -100.00 -100.00
  21   337.401 54860.08115227 57.25  21.228349   2.064637   -100 -100.00 -100.00 -100.00
  21   337.464 54860.08115287 53.63  21.229242   2.062135 28.106 -100.00 -100.00 -100.00
  22   338.147 54869.99679842 41.90  21.223887   2.074696 24.115 -100.00 -100.00 -100.00
  22   337.954 54869.99679901 43.72  21.224780   2.072195 31.917 -100.00 -100.00 -100.00
  22   337.899 54869.99679960 50.17  21.225673   2.069694   -100 -100.00 -100.00 -100.00
  22   337.881 54869.99680019 52.81  21.226566   2.067192   -100 -100.00 -100.00 -100.00
  22   337.619 54869.99680078 55.21  21.227459   2.064691   -100 -100.00 -100.00 -100.00
  22   337.703 54869.99680137 54.05  21.228352   2.062190 25.200 -100.00 -100.00 -100.00
  22   337.759 54869.99680196 55.66  21.229245   2.059689 20.720 -100.00 -100.00 -100.00
  23   338.343 54879.91244602 41.79  21.225134   2.073707 24.136 -100.00 -100.00 -100.00
  23   338.199 54879.91244661 46.90  21.226027   2.071206 32.633 -100.00 -100.00 -100.00
  23   338.045 54879.91244720 50.73  21.226920   2.068705   -100  268.23  272.40  266.23
  23   337.804 54879.91244779 54.19  21.227813   2.066203   -100  268.23  272.40  266.23
  23   337.867 54879.91244838 54.47  21.228706   2.063702 22.855  268.23  272.40  266.23
  23   337.961 54879.91244897 52.63  21.229599   2.061201  0.586  268.23  272.40  266.23
  24   338.113 54889.82809049 41.63  21.227211   2.072512 26.286 -100.00 -100.00 -100.00
  24   337.439 54889.82809108 45.80  21.228104   2.070011   -100 -100.00 -100.00 -100.00
  24   337.495 54889.82809167 39.83  21.228998   2.067510   -100 -100.00 -100.00 -100.00
  24   337.400 54889.82809226 40.43  21.229891   2.065009   -100 -100.00 -100.00 -100.00
  24   337.622 54889.82809285 40.10  21.230784   2.062508   -100 -100.00 -100.00 -100.00
  25   338.108 54899.74373103 41.67  21.226452   2.074110 25.369 -100.00 -100.00 -100.00
  25   338.328 54899.74373162 45.85  21.227345   2.071608 25.719 -100.00 -100.00 -100.00
  25   337.667 54899.74373221 50.88  21.228238   2.069107  0.281 -100.00 -100.00 -100.00
  25   337.707 54899.74373280 55.05  21.229131   2.066606 23.107 -100.00 -100.00 -100.00
  25   337.798 54899.74373339 55.98  21.230025   2.064105 10.763 -100.00 -100.00 -100.00
  25   337.511 54899.74373398 51.07  21.230918   2.061604 17.087 -100.00 -100.00 -100.00
  26   337.782 54909.65937013 42.79  21.225493   2.072944 26.587 -100.00 -100.00 -100.00
  26   337.622 54909.65937072 48.00  21.226386   2.070443   -100 -100.00 -100.00 -100.00
  26   337.610 54909.65937131 51.76  21.227279   2.067941   -100 -100.00 -100.00 -100.00
  26   337.303 54909.65937190 55.17  21.228173   2.065440   -100 -100.00 -100.00 -100.00
  26   337.448 54909.65937249 51.10  21.229066   2.062939  4.991 -100.00 -100.00 -100.00
  26   337.538 54909.65937308 51.05  21.229959   2.060438   -100 -100.00 -100.00 -100.00
  27   337.277 54919.57500771 31.74  21.224785   2.074323 18.122 -100.00 -100.00 -100.00
  27   336.831 54919.57500830 32.98  21.225678   2.071822 24.543 -100.00 -100.00 -100.00
  27   336.854 54919.57500889 30.24  21.226571   2.069321 16.627 -100.00 -100.00 -100.00
  27   336.864 54919.57500948 27.87  21.227464   2.066820 12.781 -100.00 -100.00 -100.00
  27   336.919 54919.57501007 28.73  21.228357   2.064319 14.051 -100.00 -100.00 -100.00
  27   337.213 54919.57501066 28.02  21.229250   2.061817 12.919 -100.00 -100.00 -100.00
  28   337.909 54929.49064599 42.94  21.227466   2.073145 25.264 -100.00 -100.00 -100.00
  28   337.514 54929.49064658 48.10  21.228359   2.070644   -100 -100.00 -100.00 -100.00
  28   337.605 54929.49064717 52.23  21.229252   2.068142   -100 -100.00 -100.00 -100.00
  28   337.342 54929.49064776 54.08  21.230145   2.065641 13.829 -100.00 -100.00 -100.00
  28   337.379 54929.49064835 53.71  21.231038   2.063140   -100 -100.00 -100.00 -100.00
  29   338.020 54939.40628342 41.91  21.231783   2.072526 24.129 -100.00 -100.00 -100.00
  29   337.783 54939.40628401 47.12  21.232676   2.070025   -100 -100.00 -100.00 -100.00
  29   337.492 54939.40628460 51.58  21.233569   2.067524 25.640 -100.00 -100.00 -100.00
  29   337.737 54939.40628519 51.89  21.234462   2.065023   -100 -100.00 -100.00 -100.00
  30   338.277 54949.32191934 45.99  21.236332   2.071335   -100 -100.00 -100.00 -100.00
  30   338.082 54949.32191993 50.87  21.237226   2.068833   -100 -100.00 -100.00 -100.00
  30   338.061 54949.32192052 53.16  21.238119   2.066332   -100 -100.00 -100.00 -100.00
  31   338.387 54959.23755745 45.14  21.237799   2.072259 26.941 -100.00 -100.00 -100.00
  31   337.960 54959.23755804 48.98  21.238692   2.069758   -100 -100.00 -100.00 -100.00
  31   338.090 54959.23755863 51.15  21.239585   2.067257   -100 -100.00 -100.00 -100.00
  32   338.295 54969.15320586 44.98  21.235341   2.072125   -100 -100.00 -100.00 -100.00
  32   338.151 54969.15320645 49.20  21.236234   2.069624   -100 -100.00 -100.00 -100.00
  32   338.104 54969.15320705 53.71  21.237127   2.067122  2.321 -100.00 -100.00 -100.00
  33   338.991 54979.06885241 42.83  21.232919   2.073949 21.428 -100.00 -100.00 -100.00
  33   338.659 54979.06885300 48.20  21.233812   2.071448 32.727 -100.00 -100.00 -100.00
  33   338.268 54979.06885359 50.88  21.234705   2.068947  1.466 -100.00 -100.00 -100.00
  33   338.276 54979.06885418 55.19  21.235598   2.066446   -100 -100.00 -100.00 -100.00
  34   395.981 54988.98449947 14.48  21.232325   2.072564 13.043  268.84  273.20  267.11
  34   395.577 54988.98450006 18.38  21.233218   2.070063 18.718  268.84  273.20  267.11
  34   395.677 54988.98450065 21.03  21.234111   2.067562 27.051  268.84  273.20  267.11
  34   395.461 54988.98450124 24.27  21.235005   2.065061   -100  268.84  273.20  267.11
  35   338.078 54998.90014597 41.90  21.231391   2.073775 20.269 -100.00 -100.00 -100.00
  35   337.359 54998.90014656 46.16  21.232285   2.071274   -100 -100.00 -100.00 -100.00
  35   337.462 54998.90014715 51.30  21.233178   2.068772   -100 -100.00 -100.00 -100.00
  35   337.464 54998.90014774 51.02  21.234071   2.066271   -100 -100.00 -100.00 -100.00
  35   337.238 54998.90014833 55.22  21.234964   2.063770 27.164 -100.00 -100.00 -100.00
  36   337.257 55008.81579119 12.59  21.231413   2.072732  3.432 -100.00 -100.00 -100.00
  36   337.035 55008.81579178 12.24  21.232306   2.070231  3.243 -100.00 -100.00 -100.00
  36   336.379 55008.81579237 12.55  21.233200   2.067730  3.762 -100.00 -100.00 -100.00
  36   336.020 55008.81579296 12.83  21.234093   2.065228  4.268 -100.00 -100.00 -100.00
  37   338.301 55018.73143452 42.91  21.231418   2.072306 18.155 -100.00 -100.00 -100.00
  37   337.200 55018.73143511 55.28  21.232311   2.069805   -100 -100.00 -100.00 -100.00
  37   337.389 55018.73143570 53.97  21.233205   2.067303  3.969 -100.00 -100.00 -100.00
  37   337.451 55018.73143629 54.08  21.234098   2.064802   -100 -100.00 -100.00 -100.00
  38   337.290 55028.64707646 41.89  21.230730   2.072759 25.563 -100.00 -100.00 -100.00
  38   336.765 55028.64707705 45.92  21.231623   2.070258   -100 -100.00 -100.00 -100.00
  38   336.934 55028.64707764 47.39  21.232517   2.067756   -100 -100.00 -100.00 -100.00
  38   337.031 55028.64707823 51.19  21.233410   2.065255   -100 -100.00 -100.00 -100.00
  39   337.376 55038.56271787 19.04  21.230016   2.074154  8.749 -100.00 -100.00 -100.00
  39   336.812 55038.56271846 20.87  21.230909   2.071653 12.919 -100.00 -100.00 -100.00
  39   336.927 55038.56271905 18.79  21.231803   2.069151  8.261 -100.00 -100.00 -100.00
  39   336.771 55038.56271964 19.02  21.232696   2.066649  8.370 -100.00 -100.00 -100.00
  39   336.637 55038.56272023 23.61  21.233589   2.064148 18.128 -100.00 -100.00 -100.00
  40   336.669 55048.47835927 22.20  21.232531   2.072233 12.438 -100.00 -100.00 -100.00
  40   336.606 55048.47835986 22.85  21.233424   2.069732 14.459 -100.00 -100.00 -100.00
  40   336.604 55048.47836045 23.47  21.234317   2.067230 14.943 -100.00 -100.00 -100.00
  40   336.504 55048.47836104 26.46  21.235210   2.064729 22.457 -100.00 -100.00 -100.00
  41   338.030 55058.39399818 38.84  21.235371   2.073247 14.543 -100.00 -100.00 -100.00
  41   336.906 55058.39399877 44.00  21.236264   2.070745   -100 -100.00 -100.00 -100.00
  41   336.633 55058.39399936 49.36  21.237157   2.068244 20.439 -100.00 -100.00 -100.00
  41   336.834 55058.39399995 48.81  21.238051   2.065742  6.426 -100.00 -100.00 -100.00
  42   336.860 55068.30963784 47.27  21.238461   2.070379  8.917 -100.00 -100.00 -100.00
  42   336.843 55068.30963844 46.92  21.239355   2.067878  0.071 -100.00 -100.00 -100.00
  42   336.918 55068.30963903 50.05  21.240248   2.065376 27.774 -100.00 -100.00 -100.00
  43   337.754 55078.22528712 40.74  21.234348   2.073198 20.033 -100.00 -100.00 -100.00
  43   337.590 55078.22528771 44.90  21.235242   2.070697 26.543 -100.00 -100.00 -100.00
  43   336.908 55078.22528830 51.18  21.236135   2.068195 11.535 -100.00 -100.00 -100.00
  43   337.046 55078.22528889 54.19  21.237028   2.065693 23.551 -100.00 -100.00 -100.00
  44   337.968 55088.14093431 37.67  21.230102   2.073788 17.034 -100.00 -100.00 -100.00
  44   337.559 55088.14093490 42.74  21.230995   2.071286 27.720 -100.00 -100.00 -100.00
  44   336.853 55088.14093549 53.27  21.231888   2.068785   -100 -100.00 -100.00 -100.00
  44   337.046 55088.14093609 51.00  21.232782   2.066283 17.657 -100.00 -100.00 -100.00
  44   337.169 55088.14093668 49.14  21.233675   2.063782   -100 -100.00 -100.00 -100.00
  45   338.202 55098.05658013 41.98  21.227460   2.073314 17.643 -100.00 -100.00 -100.00
  45   337.378 55098.05658072 46.73  21.228354   2.070812   -100 -100.00 -100.00 -100.00
  45   337.757 55098.05658131 50.99  21.229247   2.068311   -100 -100.00 -100.00 -100.00
  45   337.421 55098.05658190 54.99  21.230140   2.065809   -100 -100.00 -100.00 -100.00
  46   338.571 55107.97222542 41.97  21.227147   2.073260 17.523 -100.00 -100.00 -100.00
  46   337.539 55107.97222601 46.93  21.228041   2.070758   -100 -100.00 -100.00 -100.00
  46   337.955 55107.97222660 52.14  21.228934   2.068257   -100 -100.00 -100.00 -100.00
  46   337.837 55107.97222719 54.25  21.229827   2.065755   -100 -100.00 -100.00 -100.00
  46   337.438 55107.97222778 57.47  21.230720   2.063254   -100 -100.00 -100.00 -100.00
  47   338.600 55117.88786995 40.95  21.228565   2.073203 17.212 -100.00 -100.00 -100.00
  47   337.449 55117.88787054 48.04  21.229458   2.070701  0.281 -100.00 -100.00 -100.00
  47   337.646 55117.88787113 48.22  21.230352   2.068200   -100 -100.00 -100.00 -100.00
  47   337.307 55117.88787172 42.93  21.231245   2.065698   -100 -100.00 -100.00 -100.00
  47   337.383 55117.88787231 45.67  21.232138   2.063197 11.938 -100.00 -100.00 -100.00
  48   339.161 55127.80351217 41.97  21.230022   2.073207 14.786 -100.00 -100.00 -100.00
  48   337.831 55127.80351276 46.93  21.230915   2.070705   -100 -100.00 -100.00 -100.00
  48   337.983 55127.80351336 52.16  21.231808   2.068204   -100 -100.00 -100.00 -100.00
  48   337.754 55127.80351395 53.76  21.232702   2.065702 15.096 -100.00 -100.00 -100.00
  48   337.713 55127.80351454 55.18  21.233595   2.063201   -100 -100.00 -100.00 -100.00
  49   338.424 55137.71915193 41.05  21.230124   2.074519 20.531 -100.00 -100.00 -100.00
  49   338.193 55137.71915252 45.08  21.231018   2.072018   -100 -100.00 -100.00 -100.00
  49   338.199 55137.71915312 50.21  21.231911   2.069516   -100 -100.00 -100.00 -100.00
  49   337.872 55137.71915371 54.16  21.232805   2.067015 13.829 -100.00 -100.00 -100.00
  49   337.884 55137.71915430 56.39  21.233698   2.064514   -100 -100.00 -100.00 -100.00
  50   338.620 55147.63479110 43.70  21.231382   2.072216 27.054 -100.00 -100.00 -100.00
  50   338.352 55147.63479169 49.20  21.232275   2.069714   -100 -100.00 -100.00 -100.00
  50   338.073 55147.63479228 54.13  21.233169   2.067213 10.546 -100.00 -100.00 -100.00
  50   338.062 55147.63479287 55.27  21.234062   2.064712   -100 -100.00 -100.00 -100.00
  51   338.553 55157.55042954 46.16  21.232774   2.072192   -100 -100.00 -100.00 -100.00
  51   338.533 55157.55043013 51.96  21.233668   2.069690   -100 -100.00 -100.00 -100.00
  51   338.581 55157.55043072 50.19  21.234561   2.067189   -100 -100.00 -100.00 -100.00
  51   338.510 55157.55043131 49.24  21.235454   2.064687   -100 -100.00 -100.00 -100.00
  52   339.139 55167.46606774 45.03  21.234233   2.073821 29.751 -100.00 -100.00 -100.00
  52   339.028 55167.46606833 49.15  21.235126   2.071320   -100 -100.00 -100.00 -100.00
  52   338.951 55167.46606892 51.89  21.236019   2.068818   -100 -100.00 -100.00 -100.00
  52   338.670 55167.46606951 54.85  21.236913   2.066317 15.211 -100.00 -100.00 -100.00
  53   338.522 55177.38170623 47.27  21.237001   2.072510   -100 -100.00 -100.00 -100.00
  53   338.579 55177.38170682 50.39  21.237895   2.070008   -100 -100.00 -100.00 -100.00
  53   338.601 55177.38170741 52.96  21.238788   2.067507   -100 -100.00 -100.00 -100.00
  54   338.528 55187.29735083 48.30  21.237220   2.071463   -100 -100.00 -100.00 -100.00
  54   338.575 55187.29735142 50.98  21.238113   2.068961   -100 -100.00 -100.00 -100.00
  54   338.604 55187.29735201 52.98  21.239006   2.066460  1.287 -100.00 -100.00 -100.00
  55   338.735 55197.21300156 45.15  21.233000   2.073061   -100 -100.00 -100.00 -100.00
  55   338.530 55197.21300215 48.19  21.233893   2.070559   -100 -100.00 -100.00 -100.00
  55   338.552 55197.21300274 53.06  21.234787   2.068058  7.892 -100.00 -100.00 -100.00
  55   338.589 55197.21300333 54.90  21.235680   2.065557 20.838 -100.00 -100.00 -100.00
  56   339.215 55207.12865106 43.01  21.229135   2.074163 18.213 -100.00 -100.00 -100.00
  56   338.556 55207.12865165 47.29  21.230028   2.071661 30.126 -100.00 -100.00 -100.00
  56   338.132 55207.12865224 52.22  21.230921   2.069160 14.106 -100.00 -100.00 -100.00
  56   338.159 55207.12865283 55.32  21.231814   2.066659   -100 -100.00 -100.00 -100.00
  56   338.201 55207.12865342 54.84  21.232707   2.064158   -100 -100.00 -100.00 -100.00
  57   338.301 55217.04430048 43.59  21.227859   2.072895   -100 -100.00 -100.00 -100.00
  57   338.152 55217.04430107 48.09  21.228752   2.070394  6.310  265.82  270.05  264.23
  57   338.185 55217.04430166 45.74  21.229645   2.067893  3.505  265.82  270.05  264.23
  57   338.219 55217.04430225 39.27  21.230538   2.065391   -100  265.82  270.05  264.23
  57   338.281 55217.04430284 41.77  21.231431   2.062890   -100  265.82  270.05  264.23
  58   338.529 55226.95994876 42.98  21.227035   2.073162 22.151 -100.00 -100.00 -100.00
  58   338.173 55226.95994935 48.14  21.227928   2.070661   -100  268.74  272.07  266.61
  58   337.839 55226.95994994 53.24  21.228821   2.068160 12.895  268.74  272.07  266.61
  58   337.841 55226.95995053 54.40  21.229714   2.065658   -100  268.74  272.07  266.61
  58   337.876 55226.95995112 55.07  21.230607   2.063157   -100  268.74  272.07  266.61
  59   337.289 55236.87559446 22.77  21.227134   2.073182  8.115 -100.00 -100.00 -100.00
  59   337.093 55236.87559505 26.80  21.228027   2.070681 13.340 -100.00 -100.00 -100.00
  59   337.190 55236.87559564 30.53  21.228920   2.068179 25.831 -100.00 -100.00 -100.00
  59   337.643 55236.87559623 32.14  21.229813   2.065678 23.382 -100.00 -100.00 -100.00
  59   337.671 55236.87559682 32.92  21.230706   2.063177 31.238 -100.00 -100.00 -100.00
  60   337.374 55246.79123651 23.53  21.227350   2.074036  5.204 -100.00 -100.00 -100.00
  60   337.372 55246.79123710 24.87  21.228243   2.071535  7.394 -100.00 -100.00 -100.00
  60   337.343 55246.79123769 25.52  21.229137   2.069034  8.859 -100.00 -100.00 -100.00
  60   337.527 55246.79123828 27.06  21.230030   2.066532  9.770 -100.00 -100.00 -100.00
  60   337.473 55246.79123887 31.54  21.230923   2.064031 20.321 -100.00 -100.00 -100.00
  60   337.630 55246.79123946 33.87  21.231816   2.061530 26.671 -100.00 -100.00 -100.00
  61   337.529 55256.70687602 22.91  21.226489   2.074897  9.325 -100.00 -100.00 -100.00
  61   337.411 55256.70687661 23.43  21.227382   2.072396 11.089 -100.00 -100.00 -100.00
  61   337.363 55256.70687720 23.60  21.228275   2.069895 10.726 -100.00 -100.00 -100.00
  61   337.426 55256.70687779 24.62  21.229168   2.067394 12.331 -100.00 -100.00 -100.00
  61   337.406 55256.70687838 27.58  21.230061   2.064893 21.006 -100.00 -100.00 -100.00
  61   337.592 55256.70687897 29.28  21.230955   2.062392 25.153 -100.00 -100.00 -100.00
  62   338.494 55266.62251539 45.11  21.226563   2.072877   -100 -100.00 -100.00 -100.00
  62   338.180 55266.62251598 50.12  21.227456   2.070376  4.029 -100.00 -100.00 -100.00
  62   338.236 55266.62251657 53.10  21.228350   2.067875  8.987 -100.00 -100.00 -100.00
  62   338.280 55266.62251716 55.19  21.229243   2.065374 16.726 -100.00 -100.00 -100.00
  62   338.359 55266.62251775 53.38  21.230136   2.062873   -100 -100.00 -100.00 -100.00
  63   338.272 55276.53815400 46.30  21.227224   2.072789   -100 -100.00 -100.00 -100.00
  63   338.250 55276.53815459 51.15  21.228117   2.070288  4.609 -100.00 -100.00 -100.00
  63   338.278 55276.53815518 54.28  21.229010   2.067787 19.345 -100.00 -100.00 -100.00
  63   338.336 55276.53815577 56.36  21.229903   2.065286 19.934 -100.00 -100.00 -100.00
  63   338.397 55276.53815636 52.19  21.230796   2.062785   -100 -100.00 -100.00 -100.00
  64   339.234 55286.45379183 43.90  21.229986   2.072995 19.809 -100.00 -100.00 -100.00
  64   338.309 55286.45379242 49.09  21.230879   2.070493   -100 -100.00 -100.00 -100.00
  64   338.320 55286.45379301 54.33  21.231772   2.067992 23.551 -100.00 -100.00 -100.00
  64   338.368 55286.45379360 55.23  21.232665   2.065491   -100 -100.00 -100.00 -100.00
  64   338.429 55286.45379419 52.41  21.233558   2.062990 15.846 -100.00 -100.00 -100.00
  65   339.007 55296.36942774 45.31  21.234298   2.072828   -100 -100.00 -100.00 -100.00
  65   339.004 55296.36942833 49.11  21.235191   2.070327   -100 -100.00 -100.00 -100.00
  65   339.029 55296.36942892 48.65  21.236084   2.067826   -100 -100.00 -100.00 -100.00
  65   339.081 55296.36942951 48.64  21.236977   2.065325   -100 -100.00 -100.00 -100.00
  66   338.710 55306.28506883 45.20  21.235858   2.071889   -100 -100.00 -100.00 -100.00
  66   338.722 55306.28506942 47.66  21.236751   2.069388   -100 -100.00 -100.00 -100.00
  66   338.719 55306.28507001 45.97  21.237644   2.066887   -100 -100.00 -100.00 -100.00
  67   338.981 55316.20071564 41.88  21.233122   2.072240 25.641 -100.00 -100.00 -100.00
  67   338.272 55316.20071623 46.19  21.234015   2.069739   -100 -100.00 -100.00 -100.00
  67   338.311 55316.20071682 49.35  21.234909   2.067238 13.868 -100.00 -100.00 -100.00
  67   338.334 55316.20071741 51.29  21.235802   2.064737 16.222 -100.00 -100.00 -100.00
  68   338.554 55326.11636039 40.98  21.230365   2.074399 23.564 -100.00 -100.00 -100.00
  68   338.632 55326.11636098 45.14  21.231258   2.071898 27.299 -100.00 -100.00 -100.00
  68   338.387 55326.11636157 50.92  21.232151   2.069397   -100 -100.00 -100.00 -100.00
  68   338.052 55326.11636216 53.37  21.233044   2.066896 29.532 -100.00 -100.00 -100.00
  68   338.096 55326.11636275 54.59  21.233938   2.064394   -100 -100.00 -100.00 -100.00
  69   338.882 55336.03200463 44.09  21.230450   2.073378 26.212 -100.00 -100.00 -100.00
  69   338.459 55336.03200522 47.91  21.231343   2.070877   -100 -100.00 -100.00 -100.00
  69   338.406 55336.03200581 54.39  21.232236   2.068376 30.272 -100.00 -100.00 -100.00
  69   338.461 55336.03200640 54.26  21.233129   2.065875 22.357 -100.00 -100.00 -100.00
  69   338.529 55336.03200699 50.95  21.234022   2.063373   -100 -100.00 -100.00 -100.00
  70   339.384 55345.94764795 42.12  21.230911   2.073996 15.622 -100.00 -100.00 -100.00
  70   338.866 55345.94764854 45.25  21.231804   2.071495 24.235 -100.00 -100.00 -100.00
  70   338.109 55345.94764913 52.38  21.232697   2.068994 15.641 -100.00 -100.00 -100.00
  70   338.164 55345.94764972 54.44  21.233590   2.066493 30.043 -100.00 -100.00 -100.00
  70   338.198 55345.94765031 55.40  21.234483   2.063991 31.906 -100.00 -100.00 -100.00
  71   338.196 55355.86329018 42.05  21.231598   2.074011 22.932 -100.00 -100.00 -100.00
  71   337.909 55355.86329077 46.22  21.232491   2.071510   -100 -100.00 -100.00 -100.00
  71   337.872 55355.86329136 51.52  21.233384   2.069008   -100 -100.00 -100.00 -100.00
  71   337.685 55355.86329195 54.30  21.234277   2.066507 14.384 -100.00 -100.00 -100.00
  71   337.611 55355.86329254 54.37  21.235170   2.064006   -100 -100.00 -100.00 -100.00
  72   337.592 55365.77893057 43.88  21.232195   2.073186   -100 -100.00 -100.00 -100.00
  72   337.681 55365.77893116 43.86  21.233088   2.070685   -100 -100.00 -100.00 -100.00
  72   337.707 55365.77893175 46.29  21.233981   2.068184   -100 -100.00 -100.00 -100.00
  72   337.807 55365.77893234 47.27  21.234874   2.065682  1.298 -100.00 -100.00 -100.00
  73   338.003 55375.69456906 40.90  21.232276   2.074503 26.238 -100.00 -100.00 -100.00
  73   338.780 55375.69456965 44.07  21.233170   2.072001 17.586 -100.00 -100.00 -100.00
  73   337.727 55375.69457024 50.05  21.234063   2.069500   -100 -100.00 -100.00 -100.00
  73   337.754 55375.69457083 53.30  21.234956   2.066998 10.480 -100.00 -100.00 -100.00
  73   337.864 55375.69457142 51.32  21.235849   2.064497   -100 -100.00 -100.00 -100.00
  74   337.473 55385.61020740 42.17  21.234147   2.073484 27.691 -100.00 -100.00 -100.00
  74   338.016 55385.61020799 47.32  21.235040   2.070982 25.389 -100.00 -100.00 -100.00
  74   337.302 55385.61020858 51.34  21.235933   2.068481 12.021 -100.00 -100.00 -100.00
  74   337.519 55385.61020917 54.05  21.236826   2.065979   -100 -100.00 -100.00 -100.00
  75   337.913 55395.52584519 42.14  21.236803   2.072168 23.690 -100.00 -100.00 -100.00
  75   337.280 55395.52584578 47.35  21.237696   2.069667  8.095 -100.00 -100.00 -100.00
  75   337.387 55395.52584637 44.52  21.238590   2.067165   -100 -100.00 -100.00 -100.00
  76   337.300 55405.44148613 48.11  21.239746   2.070346   -100 -100.00 -100.00 -100.00
  76   337.413 55405.44148672 52.19  21.240639   2.067844  0.992 -100.00 -100.00 -100.00
  77   337.517 55415.35713733 45.26  21.237111   2.071030   -100 -100.00 -100.00 -100.00
  77   337.362 55415.35713792 50.41  21.238004   2.068528   -100 -100.00 -100.00 -100.00
  77   337.358 55415.35713851 52.52  21.238897   2.066027   -100 -100.00 -100.00 -100.00
  78   337.267 55425.27278522 44.09  21.233772   2.072297   -100 -100.00 -100.00 -100.00
  78   337.457 55425.27278581 49.34  21.234665   2.069796   -100 -100.00 -100.00 -100.00
  78   337.075 55425.27278640 53.47  21.235558   2.067294   -100 -100.00 -100.00 -100.00
  78   337.251 55425.27278699 55.02  21.236452   2.064792 10.697 -100.00 -100.00 -100.00
  79   337.339 55435.18843022 41.04  21.230656   2.073990 22.526 -100.00 -100.00 -100.00
  79   337.638 55435.18843082 44.02  21.231549   2.071488 21.822 -100.00 -100.00 -100.00
  79   336.830 55435.18843141 51.37  21.232443   2.068987 11.203 -100.00 -100.00 -100.00
  79   336.962 55435.18843200 54.43  21.233336   2.066485 27.867 -100.00 -100.00 -100.00
  79   337.086 55435.18843259 54.30  21.234229   2.063984  1.078 -100.00 -100.00 -100.00
  80   337.569 55445.10407392 39.88  21.228543   2.074584 20.121 -100.00 -100.00 -100.00
  80   337.920 55445.10407451 44.02  21.229436   2.072082 19.524 -100.00 -100.00 -100.00
  80   336.949 55445.10407510 49.17  21.230330   2.069581   -100 -100.00 -100.00 -100.00
  80   337.066 55445.10407569 53.26  21.231223   2.067079 13.987 -100.00 -100.00 -100.00
  80   337.159 55445.10407628 55.08  21.232117   2.064578  4.517 -100.00 -100.00 -100.00
  81   337.646 55455.01971673 25.72  21.228159   2.074513  6.692 -100.00 -100.00 -100.00
  81   337.423 55455.01971732 26.37  21.229052   2.072011  7.947 -100.00 -100.00 -100.00
  81   337.221 55455.01971791 26.50  21.229945   2.069510  7.969 -100.00 -100.00 -100.00
  81   337.097 55455.01971850 28.99  21.230839   2.067008 13.176 -100.00 -100.00 -100.00
  81   337.411 55455.01971909 27.81  21.231732   2.064507 10.921 -100.00 -100.00 -100.00
  82   337.421 55464.93535903 34.99  21.229889   2.073748 22.435 -100.00 -100.00 -100.00
  82   337.412 55464.93535962 33.85  21.230782   2.071246 17.416 -100.00 -100.00 -100.00
  82   337.302 55464.93536021 34.66  21.231676   2.068745 20.436 -100.00 -100.00 -100.00
  82   337.519 55464.93536080 34.81  21.232569   2.066243 21.654 -100.00 -100.00 -100.00
  82   337.289 55464.93536139 39.25  21.233462   2.063741   -100 -100.00 -100.00 -100.00
  83   338.028 55474.85099830 39.99  21.232451   2.074435 20.458 -100.00 -100.00 -100.00
  83   338.474 55474.85099889 43.21  21.233344   2.071934 18.034 -100.00 -100.00 -100.00
  83   337.451 55474.85099948 49.24  21.234238   2.069432   -100 -100.00 -100.00 -100.00
  83   337.619 55474.85100007 53.13  21.235131   2.066931   -100 -100.00 -100.00 -100.00
  83   337.527 55474.85100067 51.05  21.236024   2.064429  5.181 -100.00 -100.00 -100.00
  84   338.124 55484.76663502 36.39  21.235292   2.073244 15.144 -100.00 -100.00 -100.00
  84   337.276 55484.76663561 42.12  21.236185   2.070742   -100 -100.00 -100.00 -100.00
  84   337.184 55484.76663620 39.40  21.237078   2.068241   -100 -100.00 -100.00 -100.00
  84   337.314 55484.76663679 45.28  21.237972   2.065739   -100 -100.00 -100.00 -100.00
  85   338.278 55494.68226993 42.19  21.237248   2.071099 24.521 -100.00 -100.00 -100.00
  85   338.310 55494.68227052 45.22  21.238141   2.068598 30.070 -100.00 -100.00 -100.00
  85   337.768 55494.68227111 50.48  21.239035   2.066096 13.515 -100.00 -100.00 -100.00
  86   338.276 55504.59790366 33.47  21.238592   2.071317   -100 -100.00 -100.00 -100.00
  86   338.126 55504.59790425 21.54  21.239486   2.068816  6.319 -100.00 -100.00 -100.00
  86   338.423 55504.59790484 21.96  21.240379   2.066314  6.532 -100.00 -100.00 -100.00
  87   338.311 55514.51355327 44.02  21.235945   2.072330 31.564 -100.00 -100.00 -100.00
  87   338.144 55514.51355386 50.51  21.236838   2.069829   -100 -100.00 -100.00 -100.00
  87   338.020 55514.51355445 51.49  21.237732   2.067327   -100 -100.00 -100.00 -100.00
  87   337.858 55514.51355504 55.22  21.238625   2.064826 31.102 -100.00 -100.00 -100.00
  88   338.530 55524.42920334 43.21  21.235004   2.072243 23.841 -100.00 -100.00 -100.00
  88   338.221 55524.42920393 49.48  21.235897   2.069741   -100 -100.00 -100.00 -100.00
  88   338.213 55524.42920452 53.18  21.236790   2.067240   -100 -100.00 -100.00 -100.00
  88   337.938 55524.42920511 56.58  21.237684   2.064738 25.013 -100.00 -100.00 -100.00
  89   338.301 55534.34485120 44.29  21.233152   2.073876 27.918 -100.00 -100.00 -100.00
  89   338.703 55534.34485179 46.33  21.234045   2.071374 23.502 -100.00 -100.00 -100.00
  89   338.299 55534.34485238 51.02  21.234938   2.068873   -100 -100.00 -100.00 -100.00
  89   337.953 55534.34485297 55.31  21.235831   2.066371 25.730 -100.00 -100.00 -100.00
  90   337.534 55544.26049757 34.41  21.231397   2.073370 28.304 -100.00 -100.00 -100.00
  90   337.661 55544.26049816 35.45  21.232290   2.070869   -100 -100.00 -100.00 -100.00
  90   337.478 55544.26049875 37.26  21.233183   2.068368   -100 -100.00 -100.00 -100.00
  90   337.674 55544.26049934 38.95  21.234076   2.065866   -100 -100.00 -100.00 -100.00
  91   338.083 55554.17614164 41.27  21.229179   2.073922 23.269 -100.00 -100.00 -100.00
  91   338.033 55554.17614223 45.41  21.230072   2.071421   -100 -100.00 -100.00 -100.00
  91   338.039 55554.17614282 55.79  21.230965   2.068919 15.267 -100.00 -100.00 -100.00
  91   338.091 55554.17614341 53.50  21.231858   2.066418   -100 -100.00 -100.00 -100.00
  91   337.809 55554.17614400 52.35  21.232752   2.063916 22.178 -100.00 -100.00 -100.00
  92   338.420 55564.09178500 43.13  21.228765   2.072478 22.334 -100.00 -100.00 -100.00
  92   338.085 55564.09178559 49.41  21.229658   2.069977   -100 -100.00 -100.00 -100.00
  92   337.703 55564.09178618 52.49  21.230551   2.067475 21.657 -100.00 -100.00 -100.00
  92   337.775 55564.09178677 55.54  21.231444   2.064974   -100 -100.00 -100.00 -100.00
  92   337.881 55564.09178736 51.58  21.232337   2.062473  1.849 -100.00 -100.00 -100.00
  93   338.101 55574.00742721 41.91  21.230000   2.073372 27.096 -100.00 -100.00 -100.00
  93   338.237 55574.00742780 47.38  21.230893   2.070871 28.026 -100.00 -100.00 -100.00
  93   337.626 55574.00742839 52.46  21.231786   2.068369 14.304 -100.00 -100.00 -100.00
  93   337.735 55574.00742898 53.22  21.232679   2.065868 16.482 -100.00 -100.00 -100.00
  93   337.828 55574.00742957 50.12  21.233572   2.063367   -100 -100.00 -100.00 -100.00
  94   337.767 55583.92306821 42.04  21.232600   2.072911 28.319 -100.00 -100.00 -100.00
  94   337.986 55583.92306880 47.22  21.233493   2.070410 27.496 -100.00 -100.00 -100.00
  94   337.300 55583.92306939 52.45  21.234386   2.067909 10.546 -100.00 -100.00 -100.00
  94   337.333 55583.92306998 55.25  21.235279   2.065407 31.830 -100.00 -100.00 -100.00
  95   337.657 55593.83870546 41.33  21.234563   2.073848 27.313 -100.00 -100.00 -100.00
  95   338.107 55593.83870605 45.39  21.235456   2.071347 22.873 -100.00 -100.00 -100.00
  95   337.748 55593.83870664 49.14  21.236350   2.068846   -100 -100.00 -100.00 -100.00
  95   337.434 55593.83870723 54.47  21.237243   2.066345 15.930 -100.00 -100.00 -100.00
  96   337.616 55603.75433969 36.26  21.236528   2.073040 24.733 -100.00 -100.00 -100.00
  96   337.673 55603.75434028 38.01  21.237422   2.070539 28.679 -100.00 -100.00 -100.00
  96   337.856 55603.75434087 42.34  21.238315   2.068038 28.369 -100.00 -100.00 -100.00
  96   337.481 55603.75434146 45.21  21.239208   2.065537   -100 -100.00 -100.00 -100.00
  97   337.393 55613.66997226 45.35  21.238574   2.071426   -100 -100.00 -100.00 -100.00
  97   337.134 55613.66997285 50.34  21.239467   2.068925  0.964 -100.00 -100.00 -100.00
  97   337.257 55613.66997344 52.21  21.240360   2.066424   -100 -100.00 -100.00 -100.00
  98   336.911 55623.58561012 26.14  21.239706   2.070327 17.171 -100.00 -100.00 -100.00
  98   336.856 55623.58561071 26.97  21.240600   2.067826 23.088 -100.00 -100.00 -100.00
  99   337.439 55633.50126273 43.11  21.236209   2.071754 30.746 -100.00 -100.00 -100.00
  99   337.646 55633.50126332 48.26  21.237102   2.069253 31.596 -100.00 -100.00 -100.00
  99   336.984 55633.50126391 52.61  21.237995   2.066751 21.657 -100.00 -100.00 -100.00
 100   337.887 55643.41691309 40.17  21.234085   2.074050 16.976 -100.00 -100.00 -100.00
 100   337.287 55643.41691368 44.19  21.234978   2.071549 30.610 -100.00 -100.00 -100.00
 100   337.321 55643.41691427 50.48  21.235871   2.069048   -100 -100.00 -100.00 -100.00
 100   336.838 55643.41691486 53.54  21.236764   2.066547 18.454 -100.00 -100.00 -100.00
 101   337.062 55653.33256139 41.22  21.233712   2.073192 31.447 -100.00 -100.00 -100.00
 101   337.398 55653.33256198 45.47  21.234606   2.070691 29.390 -100.00 -100.00 -100.00
 101   337.043 55653.33256257 49.60  21.235499   2.068190 12.021 -100.00 -100.00 -100.00
 101   337.223 55653.33256316 52.56  21.236392   2.065689   -100 -100.00 -100.00 -100.00
 102   338.136 55663.24820507 41.23  21.232881   2.073041 16.853 -100.00 -100.00 -100.00
 102   337.087 55663.24820566 45.26  21.233775   2.070540   -100 -100.00 -100.00 -100.00
 102   336.879 55663.24820625 48.83  21.234668   2.068039 20.426 -100.00 -100.00 -100.00
 102   337.008 55663.24820684 51.87  21.235561   2.065538   -100 -100.00 -100.00 -100.00
 103   337.712 55673.16384521 40.30  21.231301   2.073957 19.340 -100.00 -100.00 -100.00
 103   337.414 55673.16384580 44.17  21.232194   2.071456   -100 -100.00 -100.00 -100.00
 103   337.233 55673.16384639 48.21  21.233088   2.068955   -100 -100.00 -100.00 -100.00
 103   336.971 55673.16384698 51.02  21.233981   2.066454 17.799 -100.00 -100.00 -100.00
 103   337.019 55673.16384758 53.65  21.234874   2.063953   -100 -100.00 -100.00 -100.00
 104   337.263 55683.07948408 42.35  21.231534   2.072867 23.707 -100.00 -100.00 -100.00
 104   337.115 55683.07948467 48.57  21.232427   2.070366   -100 -100.00 -100.00 -100.00
 104   337.221 55683.07948526 52.10  21.233320   2.067865   -100 -100.00 -100.00 -100.00
 104   336.942 55683.07948585 56.45  21.234214   2.065364 23.982 -100.00 -100.00 -100.00
 105   338.374 55692.99512110 40.21  21.233772   2.073577 16.040 -100.00 -100.00 -100.00
 105   337.215 55692.99512169 43.36  21.234665   2.071076   -100 -100.00 -100.00 -100.00
 105   337.377 55692.99512228 49.74  21.235558   2.068575   -100 -100.00 -100.00 -100.00
 105   337.443 55692.99512287 51.27  21.236451   2.066074   -100 -100.00 -100.00 -100.00
 106   337.346 55702.91075750 48.09  21.238909   2.070490   -100 -100.00 -100.00 -100.00
 106   337.081 55702.91075809 50.41  21.239802   2.067988   -100 -100.00 -100.00 -100.00
 106   337.190 55702.91075868 53.34  21.240695   2.065487  1.581 -100.00 -100.00 -100.00
 107   337.228 55712.82640098 47.62  21.240012   2.070145   -100 -100.00 -100.00 -100.00
 107   337.308 55712.82640157 51.73  21.240905   2.067643   -100 -100.00 -100.00 -100.00
 108   336.677 55722.74204886 24.08  21.235959   2.073096 12.815 -100.00 -100.00 -100.00
 108   336.794 55722.74204945 27.77  21.236852   2.070594 21.223 -100.00 -100.00 -100.00
 108   336.781 55722.74205004 29.11  21.237745   2.068093 26.290 -100.00 -100.00 -100.00
 108   337.572 55722.74205063 31.46  21.238639   2.065592 19.714 -100.00 -100.00 -100.00
 109   337.207 55732.65769582 42.14  21.233170   2.072167 29.128 -100.00 -100.00 -100.00
 109   337.095 55732.65769641 47.55  21.234063   2.069666   -100 -100.00 -100.00 -100.00
 109   336.736 55732.65769700 52.74  21.234956   2.067164 31.375 -100.00 -100.00 -100.00
 109   336.887 55732.65769759 53.66  21.235849   2.064663 26.365 -100.00 -100.00 -100.00
 110   337.987 55742.57334159 42.34  21.231474   2.072439 15.302 -100.00 -100.00 -100.00
 110   336.829 55742.57334218 48.26  21.232367   2.069937   -100 -100.00 -100.00 -100.00
 110   336.813 55742.57334277 53.61  21.233261   2.067436 18.897 -100.00 -100.00 -100.00
 110   336.899 55742.57334336 55.49  21.234154   2.064934 14.785 -100.00 -100.00 -100.00
 111   336.787 55752.48898601 30.45  21.230833   2.074444 18.946 -100.00 -100.00 -100.00
 111   336.782 55752.48898660 31.95  21.231726   2.071943 22.578 -100.00 -100.00 -100.00
 111   336.600 55752.48898719 34.14  21.232619   2.069441   -100 -100.00 -100.00 -100.00
 111   336.621 55752.48898778 36.38  21.233512   2.066940   -100 -100.00 -100.00 -100.00
 111   336.820 55752.48898837 37.01  21.234406   2.064438   -100 -100.00 -100.00 -100.00
 112   336.995 55762.40462935 30.38  21.233387   2.072341 22.821 -100.00 -100.00 -100.00
 112   336.543 55762.40462994 32.64  21.234280   2.069839   -100 -100.00 -100.00 -100.00
 112   336.367 55762.40463053 32.87  21.235173   2.067338   -100 -100.00 -100.00 -100.00
 112   336.572 55762.40463112 37.49  21.236067   2.064836  6.116 -100.00 -100.00 -100.00
 113   337.797 55772.32026914 40.25  21.234616   2.073359 14.425 -100.00 -100.00 -100.00
 113   336.473 55772.32026973 46.32  21.235510   2.070857   -100 -100.00 -100.00 -100.00
 113   336.571 55772.32027032 56.43  21.236403   2.068356  3.311 -100.00 -100.00 -100.00
 113   336.351 55772.32027091 54.77  21.237296   2.065854   -100 -100.00 -100.00 -100.00
 114   336.961 55782.23590595 42.24  21.235774   2.071741   -100 -100.00 -100.00 -100.00
 114   337.244 55782.23590654 48.34  21.236668   2.069240 30.960 -100.00 -100.00 -100.00
 114   336.574 55782.23590713 52.73  21.237561   2.066738 32.744 -100.00 -100.00 -100.00
 115   337.337 55792.15153973 45.39  21.237117   2.071007 31.508 -100.00 -100.00 -100.00
 115   337.141 55792.15154032 56.37  21.238011   2.068506   -100 -100.00 -100.00 -100.00
 115   336.847 55792.15154091 54.70  21.238904   2.066004   -100 -100.00 -100.00 -100.00
 116   337.466 55802.06717315 45.64  21.239712   2.070916 28.359 -100.00 -100.00 -100.00
 116   336.961 55802.06717374 50.67  21.240605   2.068415 15.559 -100.00 -100.00 -100.00
 116   337.076 55802.06717433 53.49  21.241499   2.065913 11.647  266.54  270.84  265.12
 117   337.740 55811.98282224 43.38  21.237675   2.072492 29.342 -100.00 -100.00 -100.00
 117   337.395 55811.98282283 48.38  21.238568   2.069990   -100 -100.00 -100.00 -100.00
 117   337.519 55811.98282342 51.44  21.239462   2.067489   -100 -100.00 -100.00 -100.00
 118   337.924 55821.89847019 43.38  21.237636   2.072363 25.474 -100.00 -100.00 -100.00
 118   337.680 55821.89847078 48.39  21.238529   2.069861   -100 -100.00 -100.00 -100.00
 118   337.411 55821.89847137 51.50  21.239422   2.067360  3.638 -100.00 -100.00 -100.00
 119   338.006 55831.81411350 44.40  21.238623   2.071927   -100 -100.00 -100.00 -100.00
 119   338.473 55831.81411409 48.39  21.239517   2.069426   -100 -100.00 -100.00 -100.00
 119   338.042 55831.81411468 51.29  21.240410   2.066924  2.321 -100.00 -100.00 -100.00
 120   338.091 55841.72975262 46.56  21.239834   2.070303   -100 -100.00 -100.00 -100.00
 120   338.219 55841.72975321 51.57  21.240727   2.067802   -100 -100.00 -100.00 -100.00
 121   338.321 55851.64538854 47.46  21.239997   2.070295  4.364 -100.00 -100.00 -100.00
 121   338.347 55851.64538913 48.36  21.240890   2.067793  1.776 -100.00 -100.00 -100.00
 122   338.381 55861.56102260 46.23  21.240820   2.071184   -100 -100.00 -100.00 -100.00
 122   338.209 55861.56102319 50.56  21.241713   2.068683  4.887 -100.00 -100.00 -100.00
 122   338.238 55861.56102378 52.71  21.242607   2.066181 20.950 -100.00 -100.00 -100.00
 123   338.549 55871.47667604 45.58  21.236785   2.072551 28.839 -100.00 -100.00 -100.00
 123   338.461 55871.47667663 48.31  21.237678   2.070050   -100 -100.00 -100.00 -100.00
 123   338.147 55871.47667722 52.59  21.238571   2.067548 11.203 -100.00 -100.00 -100.00
 123   338.169 55871.47667781 55.76  21.239465   2.065047   -100 -100.00 -100.00 -100.00
 133   337.981 55970.63311673 44.39  21.231891   2.072484 20.627 -100.00 -100.00 -100.00
 133   337.423 55970.63311732 48.14  21.232784   2.069983   -100 -100.00 -100.00 -100.00
 133   337.132 55970.63311791 53.65  21.233677   2.067482 19.661 -100.00 -100.00 -100.00
 133   337.228 55970.63311850 55.62  21.234570   2.064981 15.354 -100.00 -100.00 -100.00
 134   337.653 55980.54875315 21.40  21.233139   2.074122 12.741 -100.00 -100.00 -100.00
 134   337.307 55980.54875374 19.36  21.234032   2.071621  9.104 -100.00 -100.00 -100.00
 134   337.123 55980.54875433 20.54  21.234925   2.069120 12.395 -100.00 -100.00 -100.00
 134   336.988 55980.54875492 19.87  21.235818   2.066619  9.464 -100.00 -100.00 -100.00
 135   337.533 55990.46438970 44.38  21.237707   2.072151 29.985 -100.00 -100.00 -100.00
 135   337.440 55990.46439029 47.68  21.238600   2.069650   -100 -100.00 -100.00 -100.00
 135   337.111 55990.46439088 51.81  21.239493   2.067149 18.321 -100.00 -100.00 -100.00
 136   336.982 56000.38003525 45.44  21.238986   2.070621   -100 -100.00 -100.00 -100.00
 136   337.146 56000.38003584 50.84  21.239879   2.068120   -100 -100.00 -100.00 -100.00
 136   337.123 56000.38003643 51.36  21.240773   2.065619   -100 -100.00 -100.00 -100.00
 137   337.546 56010.29568599 44.52  21.236212   2.071337 25.596 -100.00 -100.00 -100.00
 137   336.952 56010.29568658 49.76  21.237105   2.068836  7.858 -100.00 -100.00 -100.00
 137   337.144 56010.29568717 52.68  21.237998   2.066335   -100 -100.00 -100.00 -100.00
 138   337.784 56020.21133238 42.35  21.233054   2.072918 21.139 -100.00 -100.00 -100.00
 138   337.083 56020.21133297 47.77  21.233947   2.070417   -100 -100.00 -100.00 -100.00
 138   337.213 56020.21133356 51.84  21.234840   2.067916   -100 -100.00 -100.00 -100.00
 138   336.882 56020.21133415 54.38  21.235733   2.065415   -100 -100.00 -100.00 -100.00
 139   337.797 56030.12697549 40.37  21.230152   2.074450 17.925 -100.00 -100.00 -100.00
 139   337.690 56030.12697608 43.36  21.231045   2.071949 21.257 -100.00 -100.00 -100.00
 139   336.878 56030.12697667 50.71  21.231938   2.069448 11.019 -100.00 -100.00 -100.00
 139   337.000 56030.12697726 53.14  21.232831   2.066947   -100 -100.00 -100.00 -100.00
 139   337.036 56030.12697785 53.95  21.233724   2.064445  1.966 -100.00 -100.00 -100.00
 141   338.240 56049.95825664 42.40  21.232052   2.072566 20.177 -100.00 -100.00 -100.00
 141   337.346 56049.95825723 48.48  21.232945   2.070064   -100 -100.00 -100.00 -100.00
 141   337.446 56049.95825782 49.99  21.233838   2.067563   -100 -100.00 -100.00 -100.00
 141   337.524 56049.95825841 48.30  21.234731   2.065062   -100 -100.00 -100.00 -100.00
 142   337.550 56059.87389342 44.63  21.235742   2.072267 27.677 -100.00 -100.00 -100.00
 142   337.166 56059.87389401 48.44  21.236635   2.069766   -100 -100.00 -100.00 -100.00
 142   337.261 56059.87389460 52.55  21.237528   2.067265   -100 -100.00 -100.00 -100.00
 143   337.272 56069.78952913 45.48  21.240092   2.071437   -100 -100.00 -100.00 -100.00
 143   337.408 56069.78952973 49.99  21.240985   2.068936   -100 -100.00 -100.00 -100.00
 143   337.477 56069.78953032 52.93  21.241878   2.066435   -100 -100.00 -100.00 -100.00
 144   338.142 56079.70517905 42.51  21.236420   2.072841 23.385 -100.00 -100.00 -100.00
 144   337.853 56079.70517964 46.63  21.237313   2.070340   -100 -100.00 -100.00 -100.00
 144   337.592 56079.70518023 50.70  21.238206   2.067838   -100 -100.00 -100.00 -100.00
 144   337.689 56079.70518082 52.45  21.239099   2.065337   -100 -100.00 -100.00 -100.00
 145   337.747 56089.62082679 42.45  21.233095   2.072926 22.893 -100.00 -100.00 -100.00
 145   337.923 56089.62082738 46.73  21.233988   2.070424 23.354 -100.00 -100.00 -100.00
 145   337.121 56089.62082797 52.84  21.234881   2.067923 18.675 -100.00 -100.00 -100.00
 145   337.309 56089.62082856 53.03  21.235774   2.065422   -100 -100.00 -100.00 -100.00
 146   336.959 56099.53647257 42.50  21.231851   2.072211 31.416 -100.00 -100.00 -100.00
 146   337.202 56099.53647316 47.74  21.232744   2.069710   -100 -100.00 -100.00 -100.00
 146   336.764 56099.53647375 50.88  21.233637   2.067209 11.461 -100.00 -100.00 -100.00
 146   336.916 56099.53647434 52.89  21.234530   2.064707 19.265 -100.00 -100.00 -100.00
 147   337.062 56109.45210442 40.42  21.232029   2.072734   -100 -100.00 -100.00 -100.00
 147   337.177 56109.45210501 45.92  21.232923   2.070233   -100 -100.00 -100.00 -100.00
 147   336.826 56109.45210560 50.06  21.233816   2.067731   -100 -100.00 -100.00 -100.00
 147   337.020 56109.45210619 46.74  21.234709   2.065230  5.595 -100.00 -100.00 -100.00
 148   336.986 56119.36774519 42.50  21.234104   2.072596 31.281 -100.00 -100.00 -100.00
 148   337.278 56119.36774578 47.67  21.234998   2.070095   -100 -100.00 -100.00 -100.00
 148   336.707 56119.36774637 50.93  21.235891   2.067593 15.930 -100.00 -100.00 -100.00
 148   336.882 56119.36774697 53.69  21.236784   2.065092  6.439 -100.00 -100.00 -100.00
 149   336.925 56129.28338269 43.58  21.237296   2.071216   -100 -100.00 -100.00 -100.00
 149   337.251 56129.28338328 49.67  21.238190   2.068715 31.746 -100.00 -100.00 -100.00
 149   336.579 56129.28338387 53.95  21.239083   2.066213   -100 -100.00 -100.00 -100.00
 152   337.515 56159.03031299 43.76  21.233401   2.072541 29.309 -100.00 -100.00 -100.00
 152   337.243 56159.03031358 47.90  21.234294   2.070040   -100 -100.00 -100.00 -100.00
 152   337.329 56159.03031417 51.94  21.235187   2.067538   -100 -100.00 -100.00 -100.00
 152   337.279 56159.03031476 52.52  21.236081   2.065037  3.003 -100.00 -100.00 -100.00
 153   338.289 56168.94595991 40.51  21.232870   2.074026 16.831 -100.00 -100.00 -100.00
 153   337.726 56168.94596050 44.72  21.233763   2.071525 27.482 -100.00 -100.00 -100.00
 153   337.365 56168.94596109 50.04  21.234657   2.069023   -100 -100.00 -100.00 -100.00
 153   337.436 56168.94596168 53.10  21.235550   2.066522   -100 -100.00 -100.00 -100.00
 154   337.953 56178.86160409 36.65  21.233893   2.073732 17.895 -100.00 -100.00 -100.00
 154   337.430 56178.86160468 35.74  21.234787   2.071230 23.875 -100.00 -100.00 -100.00
 154   337.190 56178.86160528 34.73  21.235680   2.068729 22.938 -100.00 -100.00 -100.00
 154   337.097 56178.86160587 41.44  21.236573   2.066227   -100  271.92  272.62  265.99
 155   338.287 56188.77724397 38.49  21.234943   2.073447 29.444 -100.00 -100.00 -100.00
 155   337.712 56188.77724456 40.90  21.235836   2.070946   -100 -100.00 -100.00 -100.00
 155   337.837 56188.77724515 38.49  21.236730   2.068444   -100 -100.00 -100.00 -100.00
 155   337.988 56188.77724574 44.25  21.237623   2.065943   -100 -100.00 -100.00 -100.00
 156   338.385 56198.69288083 43.59  21.235909   2.072553 26.088  270.58  274.29  268.78
 156   338.444 56198.69288142 47.68  21.236803   2.070051 29.801  270.58  274.29  268.78
 156   338.000 56198.69288201 51.60  21.237696   2.067549   -100  270.58  274.29  268.78
 156   337.864 56198.69288260 54.94  21.238589   2.065048 28.031  270.58  274.29  268.78
 157   337.713 56208.60851525 21.37  21.237683   2.071976  8.394 -100.00 -100.00 -100.00
 157   337.691 56208.60851584 26.12  21.238576   2.069474 18.956 -100.00 -100.00 -100.00
 157   337.826 56208.60851643 23.08  21.239470   2.066973 11.293 -100.00 -100.00 -100.00
 158   338.175 56218.52414857 38.93  21.240996   2.070604   -100 -100.00 -100.00 -100.00
 158   338.102 56218.52414916 40.95  21.241889   2.068103   -100 -100.00 -100.00 -100.00
 159   338.288 56228.43979491 48.92  21.240852   2.069969 14.826 -100.00 -100.00 -100.00
 159   338.317 56228.43979550 51.04  21.241745   2.067468 25.321 -100.00 -100.00 -100.00
 160   338.693 56238.35544902 48.50  21.238167   2.070881   -100 -100.00 -100.00 -100.00
 160   338.412 56238.35544961 49.65  21.239060   2.068379   -100 -100.00 -100.00 -100.00
 160   338.473 56238.35545020 49.26  21.239953   2.065877   -100 -100.00 -100.00 -100.00
 161   338.764 56248.27109887 45.89  21.234886   2.073478   -100 -100.00 -100.00 -100.00
 161   338.787 56248.27109946 50.00  21.235779   2.070976   -100 -100.00 -100.00 -100.00
 161   338.826 56248.27110005 53.02  21.236672   2.068475   -100 -100.00 -100.00 -100.00
 161   338.878 56248.27110064 54.75  21.237565   2.065973   -100 -100.00 -100.00 -100.00
 162   338.859 56258.18674454 45.94  21.233749   2.072855   -100  263.97  269.17  263.14
 162   338.917 56258.18674513 47.87  21.234643   2.070353   -100  263.97  269.17  263.14
 162   338.941 56258.18674572 51.79  21.235536   2.067852   -100  263.97  269.17  263.14
 162   338.970 56258.18674631 53.86  21.236429   2.065350   -100  263.97  269.17  263.14
 163   338.776 56268.10238645 44.60  21.232804   2.074112   -100 -100.00 -100.00 -100.00
 163   338.860 56268.10238705 47.86  21.233697   2.071610   -100 -100.00 -100.00 -100.00
 163   338.888 56268.10238764 50.87  21.234590   2.069109   -100 -100.00 -100.00 -100.00
 163   338.868 56268.10238823 53.98  21.235483   2.066607   -100 -100.00 -100.00 -100.00
 163   338.802 56268.10238882 53.84  21.236376   2.064106  1.502 -100.00 -100.00 -100.00
 164   339.212 56278.01802690 45.78  21.233193   2.073964   -100 -100.00 -100.00 -100.00
 164   339.253 56278.01802749 47.72  21.234086   2.071463   -100 -100.00 -100.00 -100.00
 164   339.161 56278.01802808 51.89  21.234979   2.068961   -100 -100.00 -100.00 -100.00
 164   338.921 56278.01802867 53.97  21.235872   2.066460  6.806 -100.00 -100.00 -100.00
 165   339.232 56287.93367547 46.85  21.232018   2.073656   -100 -100.00 -100.00 -100.00
 165   339.587 56287.93367606 48.65  21.232911   2.071155 32.109 -100.00 -100.00 -100.00
 165   339.302 56287.93367665 52.97  21.233804   2.068653   -100 -100.00 -100.00 -100.00
 165   339.221 56287.93367725 55.61  21.234697   2.066152  2.035 -100.00 -100.00 -100.00
 166   339.114 56297.84932434 46.77  21.231261   2.073240   -100 -100.00 -100.00 -100.00
 166   339.486 56297.84932493 48.62  21.232154   2.070739 29.884 -100.00 -100.00 -100.00
 166   339.123 56297.84932552 51.97  21.233047   2.068238   -100 -100.00 -100.00 -100.00
 166   338.779 56297.84932611 55.24  21.233940   2.065737 15.032 -100.00 -100.00 -100.00
 167   338.369 56307.76496902 45.85  21.230286   2.073977   -100 -100.00 -100.00 -100.00
 167   338.439 56307.76496961 47.95  21.231179   2.071475   -100 -100.00 -100.00 -100.00
 167   338.532 56307.76497020 50.98  21.232073   2.068974   -100 -100.00 -100.00 -100.00
 167   338.492 56307.76497079 53.64  21.232966   2.066473   -100 -100.00 -100.00 -100.00
 167   338.534 56307.76497138 53.16  21.233859   2.063972  0.544 -100.00 -100.00 -100.00
 168   338.595 56317.68061159 43.70  21.229880   2.073240 23.988 -100.00 -100.00 -100.00
 168   338.491 56317.68061218 46.98  21.230773   2.070739 27.904 -100.00 -100.00 -100.00
 168   338.164 56317.68061277 50.58  21.231667   2.068238   -100 -100.00 -100.00 -100.00
 168   337.919 56317.68061336 54.98  21.232560   2.065736 26.683 -100.00 -100.00 -100.00
 168   337.952 56317.68061395 56.81  21.233453   2.063235   -100 -100.00 -100.00 -100.00
 169   337.730 56327.59625282 25.03  21.229445   2.073781 11.408 -100.00 -100.00 -100.00
 169   337.357 56327.59625341 23.66  21.230338   2.071280  8.698 -100.00 -100.00 -100.00
 169   337.169 56327.59625400 24.55  21.231231   2.068779 10.263 -100.00 -100.00 -100.00
 169   337.271 56327.59625459 26.24  21.232124   2.066278 12.504 -100.00 -100.00 -100.00
 169   337.228 56327.59625518 28.93  21.233017   2.063777 21.316 -100.00 -100.00 -100.00
 170   338.316 56337.51189382 43.61  21.231479   2.072552 25.337 -100.00 -100.00 -100.00
 170   338.589 56337.51189442 48.86  21.232372   2.070051 22.718 -100.00 -100.00 -100.00
 170   338.033 56337.51189501 51.67  21.233265   2.067550   -100 -100.00 -100.00 -100.00
 170   337.771 56337.51189560 55.77  21.234158   2.065049   -100 -100.00 -100.00 -100.00
 171   338.081 56347.42753316 46.98  21.234817   2.072074   -100 -100.00 -100.00 -100.00
 171   338.190 56347.42753375 50.08  21.235710   2.069573   -100 -100.00 -100.00 -100.00
 171   338.109 56347.42753434 51.76  21.236603   2.067072  0.717 -100.00 -100.00 -100.00
 171   338.022 56347.42753493 54.88  21.237496   2.064570  8.779 -100.00 -100.00 -100.00
 173   337.731 56367.25881854 42.65  21.234523   2.073024   -100 -100.00 -100.00 -100.00
 173   337.810 56367.25881913 46.94  21.235416   2.070522   -100 -100.00 -100.00 -100.00
 173   337.668 56367.25881972 51.84  21.236310   2.068021  4.120 -100.00 -100.00 -100.00
 173   337.541 56367.25882031 53.11  21.237203   2.065520   -100 -100.00 -100.00 -100.00
 176   337.788 56397.00575544 28.22  21.228893   2.073686 12.395 -100.00 -100.00 -100.00
 176   337.636 56397.00575603 29.68  21.229786   2.071185 15.605 -100.00 -100.00 -100.00
 176   337.611 56397.00575662 31.28  21.230679   2.068684 19.925 -100.00 -100.00 -100.00
 176   337.751 56397.00575721 35.33  21.231572   2.066183 30.699 -100.00 -100.00 -100.00
 176   337.855 56397.00575780 36.56  21.232465   2.063682   -100 -100.00 -100.00 -100.00
 177   338.354 56406.92139667 46.07  21.231408   2.072618   -100 -100.00 -100.00 -100.00
 177   338.327 56406.92139726 49.71  21.232301   2.070117   -100 -100.00 -100.00 -100.00
 177   338.255 56406.92139785 52.99  21.233194   2.067616 17.066 -100.00 -100.00 -100.00
 177   338.288 56406.92139844 56.07  21.234087   2.065115 31.239 -100.00 -100.00 -100.00
 178   338.818 56416.83703377 45.91  21.234100   2.073471   -100 -100.00 -100.00 -100.00
 178   338.784 56416.83703436 47.97  21.234993   2.070970   -100 -100.00 -100.00 -100.00
 178   338.772 56416.83703495 52.15  21.235886   2.068468   -100 -100.00 -100.00 -100.00
 178   338.832 56416.83703554 53.72  21.236779   2.065967   -100 -100.00 -100.00 -100.00
 179   338.509 56426.75266712 48.79  21.239017   2.070692   -100 -100.00 -100.00 -100.00
 179   338.537 56426.75266771 51.87  21.239910   2.068191  3.878 -100.00 -100.00 -100.00
 179   338.571 56426.75266830 53.91  21.240803   2.065690 11.622 -100.00 -100.00 -100.00
 180   338.583 56436.66831696 44.52  21.234534   2.073627   -100 -100.00 -100.00 -100.00
 180   338.403 56436.66831755 47.69  21.235427   2.071125   -100 -100.00 -100.00 -100.00
 180   338.408 56436.66831814 50.87  21.236321   2.068624   -100 -100.00 -100.00 -100.00
 180   338.436 56436.66831873 54.02  21.237214   2.066123 16.431 -100.00 -100.00 -100.00
 181   337.742 56446.58396813 21.61  21.230741   2.073759  8.107 -100.00 -100.00 -100.00
 181   337.435 56446.58396872 22.23  21.231634   2.071258  8.440 -100.00 -100.00 -100.00
 181   337.297 56446.58396932 22.96  21.232527   2.068757 10.091 -100.00 -100.00 -100.00
 181   337.136 56446.58396991 22.91  21.233420   2.066255 10.723 -100.00 -100.00 -100.00
 181   337.304 56446.58397050 26.07  21.234313   2.063754 16.391 -100.00 -100.00 -100.00
 182   337.811 56456.49961754 42.79  21.229319   2.073169 23.945 -100.00 -100.00 -100.00
 182   337.156 56456.49961813 47.19  21.230212   2.070668   -100 -100.00 -100.00 -100.00
 182   337.294 56456.49961872 51.17  21.231105   2.068166   -100 -100.00 -100.00 -100.00
 182   337.357 56456.49961931 54.09  21.231998   2.065665   -100 -100.00 -100.00 -100.00
 182   337.052 56456.49961990 52.52  21.232892   2.063164 17.410 -100.00 -100.00 -100.00
 183   337.000 56466.41526401 43.53  21.229032   2.072829   -100 -100.00 -100.00 -100.00
 183   336.959 56466.41526460 48.82  21.229925   2.070328   -100 -100.00 -100.00 -100.00
 183   337.027 56466.41526519 51.22  21.230818   2.067827   -100 -100.00 -100.00 -100.00
 183   337.119 56466.41526578 52.58  21.231712   2.065325   -100 -100.00 -100.00 -100.00
 183   336.764 56466.41526637 55.69  21.232605   2.062824   -100 -100.00 -100.00 -100.00
 184   336.997 56476.33090653 36.10  21.229761   2.072808 24.115 -100.00 -100.00 -100.00
 184   336.976 56476.33090712 30.89  21.230654   2.070307 12.906 -100.00 -100.00 -100.00
 184   336.831 56476.33090771 28.86  21.231547   2.067805  9.839 -100.00 -100.00 -100.00
 184   336.697 56476.33090830 29.01  21.232440   2.065304  9.228 -100.00 -100.00 -100.00
 185   337.705 56486.24654551 43.79  21.231243   2.072781 22.949 -100.00 -100.00 -100.00
 185   337.412 56486.24654610 48.94  21.232136   2.070280   -100 -100.00 -100.00 -100.00
 185   337.043 56486.24654669 53.11  21.233029   2.067778 20.810 -100.00 -100.00 -100.00
 185   337.143 56486.24654728 54.48  21.233923   2.065277 18.458 -100.00 -100.00 -100.00
 187   337.332 56506.07781575 41.81  21.235802   2.073088 27.243 -100.00 -100.00 -100.00
 187   336.966 56506.07781634 46.70  21.236696   2.070587   -100 -100.00 -100.00 -100.00
 187   336.983 56506.07781693 51.97  21.237589   2.068085  8.572 -100.00 -100.00 -100.00
 187   337.075 56506.07781752 53.78  21.238482   2.065584   -100 -100.00 -100.00 -100.00
 188   337.505 56515.99344993 24.94  21.241634   2.070001 11.882 -100.00 -100.00 -100.00
 188   337.209 56515.99345052 28.96  21.242527   2.067499 22.702 -100.00 -100.00 -100.00
 189   338.054 56525.90910326 43.86  21.238903   2.072146 20.095 -100.00 -100.00 -100.00
 189   337.453 56525.90910385 50.05  21.239796   2.069645   -100 -100.00 -100.00 -100.00
 189   337.097 56525.90910444 54.15  21.240689   2.067143 25.528 -100.00 -100.00 -100.00
 190   338.124 56535.82475320 36.95  21.237361   2.071634 21.674 -100.00 -100.00 -100.00
 190   337.364 56535.82475379 36.47  21.238254   2.069132   -100 -100.00 -100.00 -100.00
 190   337.391 56535.82475438 35.69  21.239147   2.066631 31.293 -100.00 -100.00 -100.00
 192   337.680 56555.65604252 39.73  21.232007   2.072588 29.439 -100.00 -100.00 -100.00
 192   337.363 56555.65604311 44.44  21.232900   2.070087   -100 -100.00 -100.00 -100.00
 192   337.041 56555.65604370 38.11  21.233794   2.067585   -100 -100.00 -100.00 -100.00
 192   337.094 56555.65604429 31.18  21.234687   2.065084 22.639 -100.00 -100.00 -100.00
 193   337.779 56565.57168504 40.57  21.231256   2.073437 27.572 -100.00 -100.00 -100.00
 193   338.003 56565.57168563 45.88  21.232149   2.070935 29.293 -100.00 -100.00 -100.00
 193   337.566 56565.57168622 49.89  21.233043   2.068433   -100 -100.00 -100.00 -100.00
 193   337.466 56565.57168681 54.15  21.233936   2.065932 26.155 -100.00 -100.00 -100.00
 194   338.491 56575.48732676 41.83  21.232720   2.073796 21.648 -100.00 -100.00 -100.00
 194   338.199 56575.48732735 45.03  21.233613   2.071294 28.834 -100.00 -100.00 -100.00
 194   337.925 56575.48732794 50.00  21.234506   2.068792   -100 -100.00 -100.00 -100.00
 194   338.007 56575.48732853 52.63  21.235400   2.066291   -100 -100.00 -100.00 -100.00
 195   338.159 56585.40296622 35.91  21.236624   2.072177 29.347 -100.00 -100.00 -100.00
 195   337.750 56585.40296681 41.91  21.237517   2.069676  1.550 -100.00 -100.00 -100.00
 195   337.737 56585.40296740 43.03  21.238410   2.067174 10.329 -100.00 -100.00 -100.00
 196   337.704 56595.31860412 22.74  21.240124   2.071278 10.251 -100.00 -100.00 -100.00
 196   337.399 56595.31860471 24.90  21.241017   2.068776 14.309 -100.00 -100.00 -100.00
 196   337.440 56595.31860530 26.01  21.241910   2.066274 15.514 -100.00 -100.00 -100.00
 197   338.043 56605.23425673 44.89  21.235769   2.071842   -100 -100.00 -100.00 -100.00
 197   338.061 56605.23425732 50.60  21.236662   2.069340   -100 -100.00 -100.00 -100.00
 197   338.148 56605.23425791 52.43  21.237555   2.066839   -100 -100.00 -100.00 -100.00
 198   339.117 56615.14990410 42.79  21.231995   2.073887 19.714 -100.00 -100.00 -100.00
 198   338.527 56615.14990469 47.03  21.232888   2.071385   -100 -100.00 -100.00 -100.00
 198   338.098 56615.14990528 52.20  21.233781   2.068884 21.044 -100.00 -100.00 -100.00
 198   338.162 56615.14990587 54.06  21.234674   2.066382 18.763 -100.00 -100.00 -100.00
 198   338.186 56615.14990646 55.22  21.235567   2.063881 31.788 -100.00 -100.00 -100.00
 199   338.449 56625.06554864 46.18  21.232048   2.072260   -100 -100.00 -100.00 -100.00
 199   338.456 56625.06554923 50.92  21.232942   2.069759   -100 -100.00 -100.00 -100.00
 199   338.474 56625.06554982 51.71  21.233835   2.067258  3.767 -100.00 -100.00 -100.00
 199   338.516 56625.06555041 55.93  21.234728   2.064756  9.441 -100.00 -100.00 -100.00
 200   339.215 56634.98118977 45.99  21.232892   2.073121 31.834 -100.00 -100.00 -100.00
 200   339.002 56634.98119036 49.08  21.233785   2.070620   -100 -100.00 -100.00 -100.00
 200   338.975 56634.98119095 52.71  21.234678   2.068119   -100 -100.00 -100.00 -100.00
 200   339.019 56634.98119154 53.24  21.235571   2.065617   -100 -100.00 -100.00 -100.00
 201   338.515 56644.89682807 46.77  21.236707   2.071358   -100 -100.00 -100.00 -100.00
 201   338.094 56644.89682867 51.21  21.237600   2.068857 13.165 -100.00 -100.00 -100.00
 201   338.114 56644.89682926 54.25  21.238493   2.066355 30.158 -100.00 -100.00 -100.00
 202   338.388 56654.81247967 41.89  21.232933   2.074363 23.536 -100.00 -100.00 -100.00
 202   338.473 56654.81248026 44.86  21.233826   2.071862 23.916 -100.00 -100.00 -100.00
 202   337.809 56654.81248085 49.86  21.234719   2.069361   -100 -100.00 -100.00 -100.00
 202   337.742 56654.81248145 53.24  21.235612   2.066860 23.949 -100.00 -100.00 -100.00
 202   337.762 56654.81248204 56.27  21.236505   2.064358   -100 -100.00 -100.00 -100.00
 203   338.257 56664.72812816 43.88  21.231198   2.072940 25.122 -100.00 -100.00 -100.00
 203   338.102 56664.72812875 48.95  21.232091   2.070439 32.606 -100.00 -100.00 -100.00
 203   337.580 56664.72812934 52.14  21.232985   2.067938 13.908 -100.00 -100.00 -100.00
 203   337.660 56664.72812993 56.24  21.233878   2.065437   -100 -100.00 -100.00 -100.00
 205   337.732 56684.55941913 42.76  21.229324   2.072728 31.385 -100.00 -100.00 -100.00
 205   337.647 56684.55941972 48.08  21.230217   2.070226   -100 -100.00 -100.00 -100.00
 205   337.576 56684.55942032 51.86  21.231110   2.067725   -100 -100.00 -100.00 -100.00
 205   337.287 56684.55942091 55.28  21.232003   2.065224 30.850 -100.00 -100.00 -100.00
 205   337.348 56684.55942150 55.31  21.232897   2.062723   -100 -100.00 -100.00 -100.00
 206   337.583 56694.47506263 37.15  21.231032   2.072266   -100 -100.00 -100.00 -100.00
 206   337.623 56694.47506322 34.51  21.231925   2.069765   -100 -100.00 -100.00 -100.00
 206   337.343 56694.47506381 37.32  21.232818   2.067264   -100 -100.00 -100.00 -100.00
 206   337.530 56694.47506441 40.91  21.233711   2.064762   -100 -100.00 -100.00 -100.00
 207   338.352 56704.39070160 43.88  21.234207   2.073289 19.790 -100.00 -100.00 -100.00
 207   337.398 56704.39070219 46.85  21.235100   2.070788   -100 -100.00 -100.00 -100.00
 207   337.548 56704.39070278 52.02  21.235993   2.068287   -100 -100.00 -100.00 -100.00
 207   337.620 56704.39070337 53.94  21.236886   2.065785   -100 -100.00 -100.00 -100.00
 208   337.111 56714.30633580 40.86  21.238497   2.071533   -100 -100.00 -100.00 -100.00
 208   336.893 56714.30633639 41.49  21.239390   2.069032 11.607 -100.00 -100.00 -100.00
 208   337.059 56714.30633698 44.11  21.240283   2.066530 14.947 -100.00 -100.00 -100.00
 209   420.856 56724.22198618 14.48  21.233406   2.072663 10.986 -100.00 -100.00 -100.00
 209   420.600 56724.22198677 18.22  21.234299   2.070162 17.935 -100.00 -100.00 -100.00
 209   393.116 56724.22198736 21.05  21.235192   2.067661 26.520 -100.00 -100.00 -100.00
 209   421.034 56724.22198795 23.50  21.236086   2.065160 20.271 -100.00 -100.00 -100.00
 210   337.035 56734.13763598 27.50  21.228133   2.073816 10.435 -100.00 -100.00 -100.00
 210   337.074 56734.13763657 27.16  21.229026   2.071315 11.213 -100.00 -100.00 -100.00
 210   337.025 56734.13763716 26.91  21.229919   2.068814  9.829 -100.00 -100.00 -100.00
 210   337.012 56734.13763775 29.54  21.230813   2.066313 15.831 -100.00 -100.00 -100.00
 210   337.146 56734.13763834 28.43  21.231706   2.063812 12.726 -100.00 -100.00 -100.00
 211   337.844 56744.05328254 41.02  21.226225   2.074228 26.429 -100.00 -100.00 -100.00
 211   337.509 56744.05328313 44.04  21.227118   2.071727   -100 -100.00 -100.00 -100.00
 211   337.839 56744.05328372 49.12  21.228011   2.069226   -100 -100.00 -100.00 -100.00
 211   337.705 56744.05328431 53.28  21.228904   2.066725   -100 -100.00 -100.00 -100.00
 211   337.465 56744.05328490 57.23  21.229797   2.064224 14.082 -100.00 -100.00 -100.00
 211   337.382 56744.05328549 56.30  21.230690   2.061723   -100 -100.00 -100.00 -100.00
 212   337.800 56753.96892544 44.00  21.229078   2.072545   -100 -100.00 -100.00 -100.00
 212   337.895 56753.96892603 49.26  21.229971   2.070044   -100 -100.00 -100.00 -100.00
 212   337.941 56753.96892662 53.22  21.230864   2.067543   -100 -100.00 -100.00 -100.00
 212   337.812 56753.96892721 52.23  21.231757   2.065042  3.160 -100.00 -100.00 -100.00
 212   337.671 56753.96892780 56.36  21.232650   2.062541   -100 -100.00 -100.00 -100.00
 213   338.410 56763.88456269 44.13  21.234123   2.072082 28.254 -100.00 -100.00 -100.00
 213   338.053 56763.88456328 55.28  21.235016   2.069581 24.554 -100.00 -100.00 -100.00
 213   338.178 56763.88456387 53.20  21.235909   2.067080   -100 -100.00 -100.00 -100.00
 213   338.208 56763.88456446 54.95  21.236802   2.064579   -100 -100.00 -100.00 -100.00
 214   338.194 56773.80019749 46.17  21.238255   2.071242   -100 -100.00 -100.00 -100.00
 214   338.466 56773.80019808 50.21  21.239148   2.068741   -100 -100.00 -100.00 -100.00
 214   338.213 56773.80019867 53.03  21.240041   2.066239  1.412 -100.00 -100.00 -100.00
 215   338.515 56783.71585345 44.95  21.231877   2.072972   -100 -100.00 -100.00 -100.00
 215   338.529 56783.71585404 49.95  21.232770   2.070470   -100 -100.00 -100.00 -100.00
 215   338.553 56783.71585463 51.96  21.233663   2.067969   -100 -100.00 -100.00 -100.00
 215   338.603 56783.71585522 54.94  21.234556   2.065468   -100 -100.00 -100.00 -100.00
 216   338.576 56793.63150602 42.02  21.226144   2.074763 21.086 -100.00 -100.00 -100.00
 216   338.549 56793.63150662 44.99  21.227037   2.072262 25.744 -100.00 -100.00 -100.00
 216   338.235 56793.63150721 49.86  21.227930   2.069761   -100 -100.00 -100.00 -100.00
 216   337.867 56793.63150780 53.35  21.228823   2.067260 23.402 -100.00 -100.00 -100.00
 216   337.868 56793.63150839 55.12  21.229716   2.064758   -100 -100.00 -100.00 -100.00
 216   337.906 56793.63150898 57.44  21.230610   2.062257   -100 -100.00 -100.00 -100.00
 217   338.629 56803.54715643 43.90  21.223280   2.074403 26.886 -100.00 -100.00 -100.00
 217   338.679 56803.54715702 44.92  21.224173   2.071902 26.355 -100.00 -100.00 -100.00
 217   338.354 56803.54715761 49.88  21.225066   2.069400   -100 -100.00 -100.00 -100.00
 217   338.017 56803.54715820 53.39  21.225959   2.066899 29.363 -100.00 -100.00 -100.00
 217   338.037 56803.54715879 54.60  21.226852   2.064398   -100 -100.00 -100.00 -100.00
 217   338.070 56803.54715938 55.26  21.227745   2.061897   -100 -100.00 -100.00 -100.00
 217   338.103 56803.54715997 55.23  21.228638   2.059395   -100 -100.00 -100.00 -100.00
 218   338.463 56813.46279987 43.10  21.225182   2.073615 20.230 -100.00 -100.00 -100.00
 218   338.413 56813.46280046 46.98  21.226075   2.071113 26.433 -100.00 -100.00 -100.00
 218   338.043 56813.46280105 52.09  21.226968   2.068612   -100 -100.00 -100.00 -100.00
 218   337.646 56813.46280164 56.38  21.227861   2.066111   -100 -100.00 -100.00 -100.00
 218   337.678 56813.46280223 55.77  21.228754   2.063609   -100 -100.00 -100.00 -100.00
 218   337.728 56813.46280282 55.57  21.229648   2.061108   -100 -100.00 -100.00 -100.00
 219   338.119 56823.37843949 41.02  21.227500   2.074826 25.736 -100.00 -100.00 -100.00
 219   337.794 56823.37844008 45.05  21.228393   2.072324   -100 -100.00 -100.00 -100.00
 219   337.833 56823.37844067 50.45  21.229286   2.069823   -100 -100.00 -100.00 -100.00
 219   337.899 56823.37844127 52.69  21.230180   2.067322   -100 -100.00 -100.00 -100.00
 219   337.606 56823.37844186 54.55  21.231073   2.064820 21.604 -100.00 -100.00 -100.00
 219   337.641 56823.37844245 53.98  21.231966   2.062319   -100 -100.00 -100.00 -100.00
 220   397.027 56833.29407574 14.54  21.231352   2.072815 20.429  269.63  273.68  267.55
 220   396.660 56833.29407633 15.52  21.232245   2.070314 24.042  269.63  273.68  267.55
 221   337.741 56843.20970808 39.90  21.234902   2.072540 28.839 -100.00 -100.00 -100.00
 221   337.268 56843.20970867 39.73  21.235795   2.070038   -100 -100.00 -100.00 -100.00
 221   337.086 56843.20970926 37.12  21.236689   2.067537   -100 -100.00 -100.00 -100.00
 221   337.517 56843.20970985 32.89  21.237582   2.065036 22.250 -100.00 -100.00 -100.00
 222   337.261 56853.12534905 41.86  21.234794   2.073552 28.349 -100.00 -100.00 -100.00
 222   337.481 56853.12534964 46.09  21.235687   2.071050 27.918 -100.00 -100.00 -100.00
 222   337.120 56853.12535023 50.97  21.236581   2.068549   -100 -100.00 -100.00 -100.00
 222   336.980 56853.12535082 53.36  21.237474   2.066048 12.778 -100.00 -100.00 -100.00
 223   337.990 56863.04100224 40.99  21.231613   2.074074 18.574 -100.00 -100.00 -100.00
 223   337.401 56863.04100283 45.00  21.232506   2.071573   -100 -100.00 -100.00 -100.00
 223   337.085 56863.04100342 50.30  21.233399   2.069072  9.335 -100.00 -100.00 -100.00
 223   337.178 56863.04100401 52.19  21.234292   2.066570  8.095 -100.00 -100.00 -100.00
 223   337.315 56863.04100460 54.38  21.235186   2.064069   -100 -100.00 -100.00 -100.00
 224   337.904 56872.95665525 42.99  21.230457   2.072953 23.266 -100.00 -100.00 -100.00
 224   337.163 56872.95665584 46.99  21.231350   2.070452   -100 -100.00 -100.00 -100.00
 224   337.214 56872.95665643 52.28  21.232244   2.067951 13.437 -100.00 -100.00 -100.00
 224   337.361 56872.95665702 54.04  21.233137   2.065449   -100 -100.00 -100.00 -100.00
 225   338.027 56882.87230478 40.82  21.229610   2.073503 18.484 -100.00 -100.00 -100.00
 225   337.814 56882.87230537 44.80  21.230503   2.071002 26.530 -100.00 -100.00 -100.00
 225   337.163 56882.87230596 50.35  21.231397   2.068500  7.791 -100.00 -100.00 -100.00
 225   337.256 56882.87230655 51.72  21.232290   2.065999 26.373 -100.00 -100.00 -100.00
 225   337.402 56882.87230714 51.92  21.233183   2.063497  4.451 -100.00 -100.00 -100.00
 226   337.514 56892.78795079 35.86  21.228708   2.074270 29.509 -100.00 -100.00 -100.00
 226   337.199 56892.78795138 37.85  21.229601   2.071769   -100 -100.00 -100.00 -100.00
 226   337.275 56892.78795197 31.02  21.230494   2.069268 14.701 -100.00 -100.00 -100.00
 226   337.006 56892.78795256 29.68  21.231388   2.066766 12.917 -100.00 -100.00 -100.00
 226   337.090 56892.78795315 30.78  21.232281   2.064265 18.136 -100.00 -100.00 -100.00
 227   337.168 56902.70359380 36.27  21.227003   2.074362   -100 -100.00 -100.00 -100.00
 227   337.101 56902.70359440 33.16  21.227896   2.071860 26.397 -100.00 -100.00 -100.00
 227   337.029 56902.70359499 30.20  21.228789   2.069359 14.267 -100.00 -100.00 -100.00
 227   336.813 56902.70359558 36.36  21.229683   2.066857   -100 -100.00 -100.00 -100.00
 227   337.367 56902.70359617 36.30  21.230576   2.064356 27.234 -100.00 -100.00 -100.00
 227   338.155 56902.70359676 37.14  21.231469   2.061854 17.897 -100.00 -100.00 -100.00
 228   337.463 56912.61923562 30.05  21.225944   2.072474 12.235 -100.00 -100.00 -100.00
 228   337.628 56912.61923621 36.64  21.226837   2.069972   -100 -100.00 -100.00 -100.00
 228   337.696 56912.61923680 37.29  21.227730   2.067471 27.440 -100.00 -100.00 -100.00
 228   337.897 56912.61923739 38.72  21.228624   2.064969 29.817 -100.00 -100.00 -100.00
 228   337.777 56912.61923798 42.22  21.229517   2.062467   -100 -100.00 -100.00 -100.00
 229   338.066 56922.53487542 40.90  21.226150   2.074530 21.274 -100.00 -100.00 -100.00
 229   337.367 56922.53487601 45.16  21.227043   2.072028   -100 -100.00 -100.00 -100.00
 229   337.379 56922.53487660 50.15  21.227936   2.069527   -100 -100.00 -100.00 -100.00
 229   337.505 56922.53487719 51.15  21.228830   2.067025   -100 -100.00 -100.00 -100.00
 229   337.555 56922.53487778 53.98  21.229723   2.064523   -100 -100.00 -100.00 -100.00
 229   337.254 56922.53487837 54.42  21.230616   2.062022   -100 -100.00 -100.00 -100.00
 230   337.615 56932.45051412 40.96  21.230473   2.073525   -100 -100.00 -100.00 -100.00
 230   337.833 56932.45051471 46.33  21.231366   2.071023   -100 -100.00 -100.00 -100.00
 230   337.869 56932.45051530 54.34  21.232259   2.068521  6.175 -100.00 -100.00 -100.00
 230   337.940 56932.45051589 52.19  21.233152   2.066020   -100 -100.00 -100.00 -100.00
 230   337.621 56932.45051648 55.43  21.234045   2.063518   -100 -100.00 -100.00 -100.00
 231   338.301 56942.36614815 45.09  21.237103   2.071331 31.447 -100.00 -100.00 -100.00
 231   338.016 56942.36614875 49.35  21.237996   2.068829   -100 -100.00 -100.00 -100.00
 231   338.120 56942.36614934 52.10  21.238889   2.066328   -100 -100.00 -100.00 -100.00
 232   338.373 56952.28179208 43.78  21.237927   2.072014 32.278 -100.00 -100.00 -100.00
 232   338.116 56952.28179267 50.19  21.238820   2.069513   -100 -100.00 -100.00 -100.00
 232   338.223 56952.28179326 52.12  21.239713   2.067011   -100 -100.00 -100.00 -100.00
 233   338.256 56962.19744245 26.94  21.233093   2.074263  8.300 -100.00 -100.00 -100.00
 233   338.136 56962.19744304 26.57  21.233986   2.071762  8.898 -100.00 -100.00 -100.00
 233   338.238 56962.19744363 26.74  21.234879   2.069260  9.391 -100.00 -100.00 -100.00
 233   338.504 56962.19744422 29.40  21.235773   2.066759 13.358 -100.00 -100.00 -100.00
 233   338.714 56962.19744481 34.79  21.236666   2.064257 27.600 -100.00 -100.00 -100.00
 234   339.204 56972.11308825 43.97  21.229994   2.074327 30.338 -100.00 -100.00 -100.00
 234   339.091 56972.11308884 47.17  21.230888   2.071825   -100 -100.00 -100.00 -100.00
 234   339.004 56972.11308943 51.49  21.231781   2.069324   -100 -100.00 -100.00 -100.00
 234   339.036 56972.11309002 54.06  21.232674   2.066822   -100 -100.00 -100.00 -100.00
 234   338.964 56972.11309061 52.95  21.233567   2.064321  1.985 -100.00 -100.00 -100.00
 235   338.850 56982.02872997 44.16  21.230050   2.074573   -100 -100.00 -100.00 -100.00
 235   339.037 56982.02873056 47.25  21.230943   2.072071   -100 -100.00 -100.00 -100.00
 235   338.887 56982.02873115 51.11  21.231836   2.069570   -100 -100.00 -100.00 -100.00
 235   338.914 56982.02873174 55.24  21.232730   2.067069 10.510 -100.00 -100.00 -100.00
 235   338.958 56982.02873233 55.19  21.233623   2.064567  6.862 -100.00 -100.00 -100.00
 236   339.058 56991.94436781 45.01  21.234224   2.072647 31.923 -100.00 -100.00 -100.00
 236   338.933 56991.94436840 50.51  21.235117   2.070146   -100 -100.00 -100.00 -100.00
 236   338.971 56991.94436899 53.48  21.236011   2.067644   -100 -100.00 -100.00 -100.00
 236   338.979 56991.94436958 55.08  21.236904   2.065143   -100 -100.00 -100.00 -100.00
 237   339.040 57001.86000146 50.49  21.240320   2.071085   -100 -100.00 -100.00 -100.00
 237   339.051 57001.86000205 52.52  21.241213   2.068584   -100 -100.00 -100.00 -100.00
 237   339.104 57001.86000264 52.18  21.242106   2.066082   -100 -100.00 -100.00 -100.00
 238   338.718 57011.77565801 45.15  21.235970   2.071942 27.179 -100.00 -100.00 -100.00
 238   338.267 57011.77565860 49.00  21.236863   2.069441   -100 -100.00 -100.00 -100.00
 238   338.259 57011.77565919 53.41  21.237757   2.066940 24.453 -100.00 -100.00 -100.00
 239   338.273 57021.69130891 44.19  21.232161   2.073236   -100 -100.00 -100.00 -100.00
 239   338.353 57021.69130950 48.35  21.233054   2.070735   -100 -100.00 -100.00 -100.00
 239   338.348 57021.69131009 52.09  21.233947   2.068233   -100 -100.00 -100.00 -100.00
 239   338.383 57021.69131068 56.23  21.234840   2.065732 12.096 -100.00 -100.00 -100.00
 240   338.508 57031.60695737 42.08  21.229299   2.074773 23.249 -100.00 -100.00 -100.00
 240   338.240 57031.60695796 46.27  21.230193   2.072272 29.674 -100.00 -100.00 -100.00
 240   337.893 57031.60695855 50.16  21.231086   2.069771   -100 -100.00 -100.00 -100.00
 240   337.819 57031.60695914 53.38  21.231979   2.067270 20.486 -100.00 -100.00 -100.00
 240   337.865 57031.60695973 54.30  21.232872   2.064768 25.665 -100.00 -100.00 -100.00
 241   337.773 57041.52260512 43.09  21.229503   2.072613 23.895 -100.00 -100.00 -100.00
 241   337.477 57041.52260571 48.30  21.230397   2.070112   -100 -100.00 -100.00 -100.00
 241   337.476 57041.52260630 52.04  21.231290   2.067611   -100 -100.00 -100.00 -100.00
 241   337.153 57041.52260689 54.34  21.232183   2.065110   -100 -100.00 -100.00 -100.00
 242   337.392 57051.43825010 22.40  21.229831   2.074402 12.143 -100.00 -100.00 -100.00
 242   337.235 57051.43825069 20.53  21.230724   2.071900  8.993 -100.00 -100.00 -100.00
 242   336.723 57051.43825128 23.95  21.231617   2.069399 18.137 -100.00 -100.00 -100.00
 242   336.841 57051.43825187 23.06  21.232510   2.066898 14.697 -100.00 -100.00 -100.00
 242   336.978 57051.43825246 21.93  21.233403   2.064397 12.202 -100.00 -100.00 -100.00
 243   337.267 57061.35389192 43.75  21.232944   2.072256 31.183 -100.00 -100.00 -100.00
 243   336.993 57061.35389251 49.07  21.233837   2.069755   -100 -100.00 -100.00 -100.00
 243   337.089 57061.35389310 46.05  21.234730   2.067254   -100 -100.00 -100.00 -100.00
 243   337.214 57061.35389369 52.28  21.235623   2.064752   -100 -100.00 -100.00 -100.00
 244   337.354 57071.26952740 42.00  21.235043   2.073564 31.885 -100.00 -100.00 -100.00
 244   337.343 57071.26952799 46.92  21.235936   2.071063   -100 -100.00 -100.00 -100.00
 244   337.101 57071.26952858 58.27  21.236829   2.068562   -100 -100.00 -100.00 -100.00
 244   337.287 57071.26952917 52.39  21.237722   2.066061   -100 -100.00 -100.00 -100.00
 245   337.132 57081.18515912 43.09  21.237837   2.072204   -100 -100.00 -100.00 -100.00
 245   336.888 57081.18515971 50.57  21.238731   2.069703 29.816 -100.00 -100.00 -100.00
 245   337.135 57081.18516030 48.75  21.239624   2.067201   -100 -100.00 -100.00 -100.00
 246   338.136 57091.10080151 41.05  21.236159   2.073120 20.169 -100.00 -100.00 -100.00
 246   337.287 57091.10080210 45.03  21.237052   2.070619   -100 -100.00 -100.00 -100.00
 246   337.518 57091.10080269 49.44  21.237945   2.068118   -100 -100.00 -100.00 -100.00
 246   337.206 57091.10080328 49.86  21.238838   2.065617 23.434 -100.00 -100.00 -100.00
 247   337.161 57101.01645859 43.01  21.231580   2.072675 28.294 -100.00 -100.00 -100.00
 247   336.954 57101.01645918 47.38  21.232472   2.070174   -100 -100.00 -100.00 -100.00
 247   336.993 57101.01645977 52.56  21.233365   2.067673   -100 -100.00 -100.00 -100.00
 247   336.984 57101.01646036 54.19  21.234258   2.065172  0.717 -100.00 -100.00 -100.00
 248   337.151 57110.93211250 43.27  21.230130   2.072431 28.244 -100.00 -100.00 -100.00
 248   336.837 57110.93211309 48.27  21.231022   2.069930   -100 -100.00 -100.00 -100.00
 248   336.912 57110.93211368 47.72  21.231915   2.067429   -100 -100.00 -100.00 -100.00
 248   336.814 57110.93211427 52.34  21.232808   2.064927  9.136 -100.00 -100.00 -100.00
 249   337.750 57120.84776067 39.09  21.230923   2.073074 30.024 -100.00 -100.00 -100.00
 249   337.944 57120.84776126 42.82  21.231816   2.070573   -100 -100.00 -100.00 -100.00
 249   337.682 57120.84776185 45.81  21.232709   2.068072  5.670 -100.00 -100.00 -100.00
 249   337.861 57120.84776244 47.17  21.233602   2.065571   -100 -100.00 -100.00 -100.00
 250   338.253 57130.76340330 43.26  21.231724   2.072784 27.393 -100.00 -100.00 -100.00
 250   337.930 57130.76340389 48.48  21.232617   2.070282   -100 -100.00 -100.00 -100.00
 250   338.061 57130.76340448 52.53  21.233510   2.067781   -100 -100.00 -100.00 -100.00
 250   337.872 57130.76340507 54.29  21.234403   2.065280  6.862 -100.00 -100.00 -100.00
