#  340.024  -0.913   2.795 ;Mean Elev.(m), Avg Gradient(m/km), RMS Gradient(m/km) - SRTM1     
#  333.499  -1.824   5.353 ;Mean Elev.(m), Avg Gradient(m/km), RMS Gradient(m/km) - ASTER GDEM
#  340.437  -0.186   2.938 ;Mean Elev.(m), Avg Gradient(m/km), RMS Gradient(m/km) - GMTED2010 
   1   337.593 54665.24362483 49.24  21.293329   2.065898   -100  266.24  270.72  262.95
   1   337.361 54665.24362542 49.61  21.294222   2.068400 28.106  266.24  270.72  262.95
   1   337.265 54665.24362601 46.88  21.295115   2.070901  5.085 -100.00 -100.00 -100.00
   2   337.265 54675.15926886 51.19  21.291406   2.064702 28.693 -100.00 -100.00 -100.00
   2   337.543 54675.15926945 49.69  21.292299   2.067203   -100 -100.00 -100.00 -100.00
   2   337.273 54675.15927004 53.08  21.293192   2.069704 22.424 -100.00 -100.00 -100.00
   2   337.419 54675.15927063 53.11  21.294085   2.072206 29.929 -100.00 -100.00 -100.00
   3   337.524 54685.07491188 52.19  21.291250   2.065654 32.144  267.70  271.60  264.65
   3   337.728 54685.07491247 50.65  21.292143   2.068155   -100  267.70  271.60  264.65
   3   337.497 54685.07491306 54.16  21.293036   2.070656 30.908  267.70  271.60  264.65
   4   337.563 54694.99055349 52.10  21.293318   2.066196 17.754  266.61  270.50  263.22
   4   337.670 54694.99055408 52.13  21.294211   2.068697 21.965  266.61  270.50  263.22
   4   337.772 54694.99055467 52.31  21.295103   2.071198 15.046  266.61  270.50  263.22
   5   337.996 54704.90619283 44.22  21.297100   2.067113   -100  268.72  272.87  265.26
   5   337.888 54704.90619342 41.92  21.297992   2.069614   -100  268.72  272.87  265.26
   5   338.131 54704.90619401 48.89  21.298885   2.072115   -100  268.72  272.87  265.26
   6   337.920 54714.82184395 54.16  21.295759   2.066935   -100 -100.00 -100.00 -100.00
   6   338.052 54714.82184454 54.03  21.296652   2.069436 18.542 -100.00 -100.00 -100.00
   6   338.181 54714.82184513 55.12  21.297545   2.071937   -100 -100.00 -100.00 -100.00
   7   337.386 54724.73749372 24.37  21.293051   2.065988 18.211  272.04  275.28  267.62
   7   337.164 54724.73749431 23.21  21.293944   2.068489 15.463  272.04  275.28  267.62
   7   337.165 54724.73749490 23.05  21.294837   2.070990 15.926  272.04  275.28  267.62
   8   337.750 54734.65314143 53.10  21.288435   2.064432   -100  273.44  277.18  269.57
   8   338.072 54734.65314202 54.09  21.289328   2.066933   -100  273.44  277.18  269.57
   8   337.759 54734.65314261 54.10  21.290221   2.069434   -100  273.44  277.18  269.57
   9   338.044 54744.56878834 51.95  21.284306   2.063052  7.457  271.28  274.49  266.98
   9   338.054 54744.56878893 48.52  21.285199   2.065553  0.087  271.28  274.49  266.98
   9   337.978 54744.56878952 50.14  21.286093   2.068054 10.423  271.28  274.49  266.98
   9   337.839 54744.56879011 51.37  21.286986   2.070556 28.331  271.28  274.49  266.98
  10   337.944 54754.48443530 35.97  21.282629   2.062411   -100  276.03  278.17  271.56
  10   337.861 54754.48443589 37.05  21.283522   2.064912   -100  276.03  278.17  271.56
  10   337.816 54754.48443648 33.00  21.284415   2.067413   -100  276.03  278.17  271.56
  10   338.018 54754.48443707 33.87  21.285308   2.069914   -100  276.03  278.17  271.56
  11   338.576 54764.40008133 47.66  21.282887   2.060776   -100 -100.00 -100.00 -100.00
  11   338.417 54764.40008192 50.82  21.283780   2.063277   -100 -100.00 -100.00 -100.00
  11   338.400 54764.40008251 52.73  21.284673   2.065778   -100 -100.00 -100.00 -100.00
  11   338.261 54764.40008310 52.96  21.285566   2.068279 10.618 -100.00 -100.00 -100.00
  12   338.946 54774.31572542 51.05  21.285188   2.062564   -100 -100.00 -100.00 -100.00
  12   338.659 54774.31572601 52.11  21.286081   2.065065 24.251 -100.00 -100.00 -100.00
  12   338.727 54774.31572660 52.97  21.286974   2.067566  9.478 -100.00 -100.00 -100.00
  12   338.650 54774.31572719 56.39  21.287868   2.070068   -100 -100.00 -100.00 -100.00
  13   338.934 54784.23136653 48.96  21.286631   2.063625  0.498 -100.00 -100.00 -100.00
  13   339.137 54784.23136712 50.82  21.287524   2.066126   -100 -100.00 -100.00 -100.00
  13   338.862 54784.23136771 54.10  21.288417   2.068628 29.027 -100.00 -100.00 -100.00
  13   339.046 54784.23136830 53.99  21.289311   2.071129 19.255 -100.00 -100.00 -100.00
  14   339.616 54794.14700499 53.11  21.287224   2.062659 29.195 -100.00 -100.00 -100.00
  14   339.699 54794.14700558 54.04  21.288117   2.065160 23.254 -100.00 -100.00 -100.00
  14   339.810 54794.14700617 54.34  21.289010   2.067661  6.961 -100.00 -100.00 -100.00
  14   339.910 54794.14700676 54.72  21.289904   2.070162   -100 -100.00 -100.00 -100.00
  17   338.644 54823.89392487 52.78  21.293447   2.065528   -100  267.46  271.48  264.08
  17   338.602 54823.89392546 52.63  21.294340   2.068029  0.799  267.46  271.48  264.08
  17   338.692 54823.89392605 54.76  21.295233   2.070531  0.909  267.46  271.48  264.08
  18   338.097 54833.80956442 52.16  21.290462   2.064977 19.480  267.31  270.95  263.09
  18   338.232 54833.80956501 52.84  21.291355   2.067478  2.376  267.31  270.95  263.09
  18   338.084 54833.80956560 55.18  21.292249   2.069979   -100  267.31  270.95  263.09
  19   338.029 54843.72521389 52.91  21.286524   2.063760  6.862 -100.00 -100.00 -100.00
  19   337.909 54843.72521448 54.17  21.287417   2.066261 31.199 -100.00 -100.00 -100.00
  19   337.784 54843.72521507 52.75  21.288311   2.068763 23.012 -100.00 -100.00 -100.00
  19   337.947 54843.72521566 53.09  21.289204   2.071264 30.073 -100.00 -100.00 -100.00
  20   337.804 54853.64086225 47.99  21.282643   2.060796   -100  272.61  275.59  267.86
  20   337.650 54853.64086284 53.15  21.283536   2.063298 30.792  272.61  275.59  267.86
  20   337.995 54853.64086343 54.10  21.284429   2.065799   -100  272.61  275.59  267.86
  20   337.674 54853.64086403 56.23  21.285322   2.068301   -100  272.61  275.59  267.86
  21   338.541 54863.55651121 45.93  21.280757   2.060302 31.962  275.17  278.47  270.51
  21   338.456 54863.55651180 51.11  21.281650   2.062804   -100  275.17  278.47  270.51
  21   338.239 54863.55651239 54.09  21.282543   2.065305 21.421  275.17  278.47  270.51
  21   338.099 54863.55651298 56.21  21.283437   2.067807 30.043  275.17  278.47  270.51
  21   338.278 54863.55651357 55.29  21.284330   2.070309 27.514  275.17  278.47  270.51
  22   338.304 54873.47216034 48.09  21.280227   2.060794   -100  276.02  278.69  271.74
  22   338.275 54873.47216093 50.95  21.281120   2.063295  3.430  276.02  278.69  271.74
  22   338.222 54873.47216152 47.22  21.282014   2.065797   -100  276.02  278.69  271.74
  22   338.087 54873.47216211 51.08  21.282907   2.068299 25.787  276.02  278.69  271.74
  22   338.282 54873.47216270 53.14  21.283800   2.070800 29.532  276.02  278.69  271.74
  23   338.191 54883.38780705 46.97  21.280682   2.060745  1.354  269.65  271.93  265.39
  23   338.177 54883.38780764 52.09  21.281575   2.063247 10.763  269.65  271.93  265.39
  23   338.396 54883.38780823 53.84  21.282469   2.065748  0.580  269.65  271.93  265.39
  23   338.141 54883.38780882 55.16  21.283362   2.068250 31.082  269.65  271.93  265.39
  23   338.389 54883.38780941 55.11  21.284255   2.070752 14.187  269.65  271.93  265.39
  24   338.637 54893.30344999 44.88  21.280859   2.059746 26.640  267.84  270.25  263.04
  24   338.203 54893.30345058 50.22  21.281752   2.062248   -100  267.84  270.25  263.04
  24   338.058 54893.30345117 53.13  21.282645   2.064749 21.943  267.84  270.25  263.04
  24   338.117 54893.30345176 54.92  21.283538   2.067251  7.960  267.84  270.25  263.04
  24   338.122 54893.30345235 53.85  21.284432   2.069753 17.095  267.84  270.25  263.04
  25   337.924 54903.21909023 45.97  21.280705   2.060143   -100  264.80  268.87  261.02
  25   337.880 54903.21909082 51.14  21.281598   2.062645 19.570  264.80  268.87  261.02
  25   337.892 54903.21909141 54.04  21.282492   2.065146 14.826  264.80  268.87  261.02
  25   338.139 54903.21909200 55.02  21.283385   2.067648   -100  264.80  268.87  261.02
  25   337.874 54903.21909259 56.96  21.284279   2.070149   -100  264.80  268.87  261.02
  26   337.885 54913.13472880 46.71  21.280670   2.060387   -100  267.21  270.74  263.21
  26   337.855 54913.13472939 52.02  21.281563   2.062889 10.257  267.21  270.74  263.21
  26   337.867 54913.13472998 54.07  21.282456   2.065390 18.986  267.21  270.74  263.21
  26   337.782 54913.13473057 56.25  21.283350   2.067892   -100  267.21  270.74  263.21
  26   337.846 54913.13473116 52.96  21.284243   2.070393 10.530  267.21  270.74  263.21
  27   337.690 54923.05036669 56.33  21.281858   2.061757   -100  268.14  272.15  264.49
  27   337.885 54923.05036728 53.95  21.282752   2.064258  6.116  268.14  272.15  264.49
  27   337.915 54923.05036787 56.07  21.283645   2.066760 13.398  268.14  272.15  264.49
  27   337.705 54923.05036846 56.27  21.284538   2.069261   -100  268.14  272.15  264.49
  28   337.909 54932.96600403 52.23  21.285221   2.063499 21.896  266.66  270.68  263.16
  28   338.177 54932.96600462 52.87  21.286114   2.066001   -100  266.66  270.68  263.16
  28   337.916 54932.96600521 54.19  21.287008   2.068502 25.425  266.66  270.68  263.16
  28   338.082 54932.96600580 56.26  21.287901   2.071004 31.434  266.66  270.68  263.16
  29   338.566 54942.88163974 52.22  21.290476   2.065274   -100  270.04  274.42  266.21
  29   338.263 54942.88164033 52.26  21.291369   2.067776 28.256  270.04  274.42  266.21
  29   338.478 54942.88164092 55.97  21.292262   2.070277  5.355  270.04  274.42  266.21
  30   338.487 54952.79727362 53.07  21.295829   2.066961 17.151  271.05  275.25  267.23
  30   338.615 54952.79727421 54.87  21.296722   2.069463  4.211  271.05  275.25  267.23
  30   338.720 54952.79727480 55.82  21.297615   2.071964   -100  271.05  275.25  267.23
  31   338.520 54962.71291651 53.17  21.295173   2.066162 26.843  270.88  274.20  266.80
  31   338.648 54962.71291710 54.83  21.296067   2.068663  1.804  270.88  274.20  266.80
  31   338.759 54962.71291769 55.18  21.296960   2.071165   -100  270.88  274.20  266.80
  32   338.738 54972.62856447 53.03  21.291933   2.064803 12.172  268.05  271.27  263.69
  32   338.772 54972.62856506 54.21  21.292826   2.067305 32.563  268.05  271.27  263.69
  32   338.921 54972.62856565 54.00  21.293719   2.069806 11.983  268.05  271.27  263.69
  32   339.039 54972.62856624 54.50  21.294613   2.072308   -100  268.05  271.27  263.69
  33   338.580 54982.54421206 49.34  21.290251   2.064549 26.524  274.40  277.45  270.20
  33   338.689 54982.54421265 46.68  21.291144   2.067050  2.056  274.40  277.45  270.20
  33   338.593 54982.54421324 42.92  21.292038   2.069552   -100  274.40  277.45  270.20
  33   338.697 54982.54421383 43.86  21.292931   2.072053   -100  274.40  277.45  270.20
  34   396.479 54992.45985945 23.48  21.289752   2.064150   -100  274.72  278.05  271.13
  34   396.472 54992.45986005 24.33  21.290645   2.066652   -100  274.72  278.05  271.13
  34   396.501 54992.45986064 26.13  21.291538   2.069153   -100  274.72  278.05  271.13
  34   396.640 54992.45986123 28.87  21.292431   2.071655   -100  274.72  278.05  271.13
  35   337.722 55002.37550628 29.02  21.289223   2.064789 24.575  271.54  274.89  267.52
  35   337.782 55002.37550687 22.62  21.290116   2.067291  9.225  271.54  274.89  267.52
  35   337.786 55002.37550746 21.18  21.291009   2.069792  6.615  271.54  274.89  267.52
  36   337.722 55012.29115078 52.99  21.287890   2.064493  3.222  266.76  271.30  263.09
  36   337.605 55012.29115137 54.29  21.288783   2.066994   -100  266.76  271.30  263.09
  36   337.710 55012.29115196 53.68  21.289676   2.069495 20.876  266.76  271.30  263.09
  37   337.898 55022.20679331 49.07  21.286276   2.062330   -100  265.30  269.71  262.95
  37   337.703 55022.20679390 51.31  21.287169   2.064831 27.867  265.30  269.71  262.95
  37   337.881 55022.20679449 49.77  21.288062   2.067333   -100  265.30  269.71  262.95
  37   337.706 55022.20679508 54.30  21.288955   2.069834   -100  265.30  269.71  262.95
  38   337.318 55032.12243538 50.99  21.286166   2.062635   -100  265.43  270.22  262.15
  38   337.292 55032.12243597 54.19  21.287059   2.065136 19.075  265.43  270.22  262.15
  38   337.212 55032.12243656 55.07  21.287952   2.067638 12.819  265.43  270.22  262.15
  38   337.225 55032.12243715 56.34  21.288845   2.070139   -100  265.43  270.22  262.15
  39   337.414 55042.03807684 52.30  21.287422   2.063299   -100  265.25  269.17  261.12
  39   337.174 55042.03807743 53.32  21.288315   2.065801   -100  265.25  269.17  261.12
  39   337.314 55042.03807802 53.74  21.289208   2.068302  5.483  265.25  269.17  261.12
  39   337.181 55042.03807861 57.36  21.290101   2.070803   -100  265.25  269.17  261.12
  40   337.262 55051.95371738 33.75  21.291516   2.065791 28.260  267.79  271.40  263.81
  40   336.872 55051.95371797 33.68  21.292409   2.068292 29.965  267.79  271.40  263.81
  40   337.094 55051.95371856 36.44  21.293302   2.070793   -100  267.79  271.40  263.81
  41   337.517 55061.86935503 50.64  21.294357   2.065040   -100  267.79  271.76  264.16
  41   337.267 55061.86935562 52.38  21.295250   2.067541   -100  267.79  271.76  264.16
  41   337.459 55061.86935621 46.81  21.296143   2.070042  8.358  267.79  271.76  264.16
  41   337.490 55061.86935680 44.19  21.297036   2.072543   -100  267.79  271.76  264.16
  42   337.487 55071.78499802 53.17  21.294239   2.065831 16.769  268.76  273.10  264.75
  42   337.583 55071.78499861 55.27  21.295133   2.068332   -100  268.76  273.10  264.75
  42   337.734 55071.78499920 54.95  21.296026   2.070833  4.732  268.76  273.10  264.75
  43   337.433 55081.70064610 33.95  21.290475   2.064814 21.060  269.71  273.70  265.88
  43   337.449 55081.70064669 30.66  21.291369   2.067315 13.043  269.71  273.70  265.88
  43   337.040 55081.70064728 30.13  21.292262   2.069816 11.112  269.71  273.70  265.88
  44   337.416 55091.61629291 52.30  21.286805   2.063868   -100  272.63  275.99  268.10
  44   337.617 55091.61629350 52.88  21.287698   2.066369  0.634  272.63  275.99  268.10
  44   337.420 55091.61629409 54.28  21.288591   2.068870   -100  272.63  275.99  268.10
  44   337.600 55091.61629468 54.65  21.289485   2.071371 20.103  272.63  275.99  268.10
  45   337.723 55101.53193910 49.37  21.283772   2.061130 15.972  274.91  277.46  270.52
  45   337.689 55101.53193969 54.39  21.284665   2.063631   -100  274.91  277.46  270.52
  45   337.654 55101.53194029 52.05  21.285558   2.066132 25.263  274.91  277.46  270.52
  45   337.940 55101.53194088 45.08  21.286452   2.068633   -100  274.91  277.46  270.52
  46   337.834 55111.44758590 46.37  21.283599   2.061874 22.618  273.49  276.82  273.40
  46   337.855 55111.44758649 48.20  21.284492   2.064376 12.665  273.49  276.82  273.40
  46   338.076 55111.44758708 39.70  21.285385   2.066877   -100  273.49  276.82  273.40
  46   337.840 55111.44758767 33.89  21.286278   2.069378 29.358  273.49  276.82  273.40
  47   337.905 55121.36323093 42.27  21.285316   2.063432 15.430  272.17  275.59  268.37
  47   338.208 55121.36323152 39.73  21.286209   2.065933   -100  272.17  275.59  268.37
  47   337.929 55121.36323211 37.35  21.287102   2.068434   -100  272.17  275.59  268.37
  47   338.139 55121.36323270 38.95  21.287995   2.070935   -100  272.17  275.59  268.37
  48   338.710 55131.27887246 50.37  21.286231   2.062446   -100  267.78  272.32  264.09
  48   338.494 55131.27887305 51.31  21.287124   2.064947 22.716  267.78  272.32  264.09
  48   338.750 55131.27887364 52.88  21.288018   2.067449   -100  267.78  272.32  264.09
  48   338.508 55131.27887423 54.29  21.288911   2.069950   -100  267.78  272.32  264.09
  49   338.360 55141.19451218 52.30  21.286864   2.063434 21.896  265.83  270.00  261.91
  49   338.636 55141.19451277 53.06  21.287757   2.065935   -100  265.83  270.00  261.91
  49   338.358 55141.19451336 55.28  21.288650   2.068436 32.383  265.83  270.00  261.91
  49   338.554 55141.19451395 56.30  21.289544   2.070937 26.843  265.83  270.00  261.91
  50   339.055 55151.11015085 52.25  21.287326   2.064378   -100  264.73  268.80  261.60
  50   338.718 55151.11015144 54.49  21.288219   2.066879   -100  264.73  268.80  261.60
  50   338.907 55151.11015203 56.31  21.289112   2.069380   -100  264.73  268.80  261.60
  51   338.991 55161.02578946 54.31  21.289264   2.064877 31.669  265.67  269.69  262.53
  51   339.099 55161.02579005 51.04  21.290157   2.067378  4.609  265.67  269.69  262.53
  51   339.221 55161.02579064 54.90  21.291050   2.069880   -100  265.67  269.69  262.53
  52   339.490 55170.94142755 52.57  21.292087   2.064389   -100 -100.00 -100.00 -100.00
  52   339.565 55170.94142814 54.18  21.292980   2.066890   -100 -100.00 -100.00 -100.00
  52   339.409 55170.94142873 55.06  21.293873   2.069392  7.691 -100.00 -100.00 -100.00
  52   339.260 55170.94142932 56.29  21.294766   2.071893   -100 -100.00 -100.00 -100.00
  53   339.154 55180.85706490 53.35  21.296098   2.066898   -100  266.93  270.77  263.42
  53   339.260 55180.85706549 54.35  21.296992   2.069400   -100  266.93  270.77  263.42
  53   338.920 55180.85706608 52.54  21.297885   2.071901 19.473  266.93  270.77  263.42
  54   339.230 55190.77271291 51.10  21.292928   2.065461   -100  267.38  271.46  264.03
  54   339.110 55190.77271350 52.54  21.293821   2.067962  8.596  267.38  271.46  264.03
  54   339.353 55190.77271409 53.89  21.294714   2.070464   -100  267.38  271.46  264.03
  55   338.906 55200.68836254 53.21  21.287828   2.063600 19.120 -100.00 -100.00 -100.00
  55   339.000 55200.68836313 54.14  21.288722   2.066101 13.049 -100.00 -100.00 -100.00
  55   339.109 55200.68836372 54.04  21.289615   2.068603   -100 -100.00 -100.00 -100.00
  55   338.852 55200.68836431 55.01  21.290508   2.071104 18.290 -100.00 -100.00 -100.00
  56   339.031 55210.60401206 52.03  21.284331   2.062512   -100  268.82  272.37  265.91
  56   338.898 55210.60401265 54.34  21.285225   2.065014 32.684  268.82  272.37  265.91
  56   339.011 55210.60401324 54.88  21.286118   2.067516 19.166  268.82  272.37  265.91
  56   339.101 55210.60401383 51.85  21.287011   2.070017   -100  268.82  272.37  265.91
  57   338.837 55220.51966151 50.41  21.283272   2.061937   -100  275.39  278.05  271.07
  57   338.600 55220.51966210 53.19  21.284165   2.064439 11.129  275.39  278.05  271.07
  57   338.691 55220.51966269 54.26  21.285058   2.066941 20.163  275.39  278.05  271.07
  57   338.813 55220.51966328 54.59  21.285951   2.069442  7.870  275.39  278.05  271.07
  58   338.309 55230.43530996 45.45  21.282802   2.061149 12.527  271.35  273.86  267.00
  58   338.552 55230.43531055 44.02  21.283695   2.063650   -100  271.35  273.86  267.00
  58   338.336 55230.43531114 39.19  21.284588   2.066152   -100  271.35  273.86  267.00
  58   338.507 55230.43531173 33.62  21.285481   2.068654 21.278  271.35  273.86  267.00
  59   338.176 55240.35095526 48.02  21.283133   2.060951   -100  271.08  274.80  267.08
  59   338.402 55240.35095585 52.00  21.284026   2.063452   -100  271.08  274.80  267.08
  59   338.128 55240.35095644 53.36  21.284919   2.065954 31.610  271.08  274.80  267.08
  59   338.309 55240.35095703 52.08  21.285813   2.068456  5.575  271.08  274.80  267.08
  60   338.454 55250.26659717 52.37  21.283120   2.062721   -100  269.00  274.05  265.72
  60   338.142 55250.26659776 53.34  21.284013   2.065223   -100  269.00  274.05  265.72
  60   338.356 55250.26659835 55.17  21.284907   2.067725 16.305  269.00  274.05  265.72
  60   338.465 55250.26659894 53.76  21.285800   2.070226   -100  269.00  274.05  265.72
  61   338.389 55260.18223582 47.90  21.281708   2.061988   -100  265.21  269.20  261.24
  61   338.561 55260.18223641 52.31  21.282602   2.064490   -100  265.21  269.20  261.24
  61   338.293 55260.18223700 54.21  21.283495   2.066992 13.049  265.21  269.20  261.24
  61   338.395 55260.18223759 56.31  21.284389   2.069493   -100  265.21  269.20  261.24
  62   338.828 55270.09787336 48.24  21.281650   2.060808   -100  267.10  271.09  263.53
  62   339.068 55270.09787395 52.37  21.282543   2.063309   -100  267.10  271.09  263.53
  62   338.769 55270.09787455 53.32  21.283437   2.065811 25.270  267.10  271.09  263.53
  62   338.956 55270.09787514 55.09  21.284330   2.068312  7.224  267.10  271.09  263.53
  62   339.037 55270.09787573 55.30  21.285223   2.070814   -100  267.10  271.09  263.53
  63   338.652 55280.01351143 52.38  21.284229   2.062101 25.945  268.41  272.68  264.76
  63   338.760 55280.01351202 54.24  21.285122   2.064603 14.504  268.41  272.68  264.76
  63   338.876 55280.01351261 50.84  21.286015   2.067104   -100  268.41  272.68  264.76
  63   338.665 55280.01351320 55.57  21.286909   2.069606 15.286  268.41  272.68  264.76
  64   339.112 55289.92914844 53.17  21.288429   2.063602 11.684  271.56  276.02  268.25
  64   339.215 55289.92914903 52.99  21.289322   2.066104   -100  271.56  276.02  268.25
  64   339.298 55289.92914962 53.76  21.290216   2.068605   -100  271.56  276.02  268.25
  64   339.166 55289.92915021 56.25  21.291109   2.071107 11.129  271.56  276.02  268.25
  65   339.387 55299.84478332 43.93  21.293661   2.065737   -100  269.87  274.48  266.66
  65   339.327 55299.84478392 45.35  21.294554   2.068239  6.504  269.87  274.48  266.66
  65   339.779 55299.84478451 47.42  21.295447   2.070740   -100 -100.00 -100.00 -100.00
  66   339.247 55309.76042762 52.23  21.292787   2.064468   -100  267.92  271.58  263.75
  66   339.110 55309.76042821 52.88  21.293680   2.066970  6.202  267.92  271.58  263.75
  66   339.216 55309.76042880 55.09  21.294573   2.069471  6.634  267.92  271.58  263.75
  66   339.009 55309.76042939 55.04  21.295467   2.071972 31.171  267.92  271.58  263.75
  67   338.795 55319.67607303 26.82  21.290529   2.064549 10.202  272.68  276.05  268.13
  67   338.676 55319.67607362 30.57  21.291423   2.067051 20.497  272.68  276.05  268.13
  67   338.608 55319.67607421 31.32  21.292316   2.069552 23.582  272.68  276.05  268.13
  67   338.600 55319.67607480 36.29  21.293209   2.072054   -100  272.68  276.05  268.13
  68   338.754 55329.59171723 39.31  21.287692   2.062750   -100  275.21  278.88  270.52
  68   338.855 55329.59171782 36.64  21.288586   2.065251   -100  275.21  278.88  270.52
  68   338.966 55329.59171841 31.57  21.289479   2.067753 19.093  275.21  278.88  270.52
  68   338.662 55329.59171900 33.67  21.290372   2.070254 30.293  275.21  278.88  270.52
  69   338.970 55339.50736171 43.77  21.286877   2.062360   -100  273.98  277.38  269.64
  69   338.943 55339.50736230 42.75  21.287770   2.064861   -100  273.98  277.38  269.64
  69   338.841 55339.50736289 38.62  21.288664   2.067363   -100  273.98  277.38  269.64
  69   338.966 55339.50736348 33.86  21.289557   2.069864 16.178  273.98  277.38  269.64
  70   338.588 55349.42300619 52.27  21.288035   2.062714 22.696  272.92  276.66  268.87
  70   338.675 55349.42300679 53.32  21.288928   2.065215 16.811  272.92  276.66  268.87
  70   338.784 55349.42300738 53.09  21.289821   2.067717   -100  272.92  276.66  268.87
  70   338.738 55349.42300797 54.15  21.290714   2.070218  3.999  272.92  276.66  268.87
  71   338.190 55359.33864896 53.44  21.289873   2.064323 32.025 -100.00 -100.00 -100.00
  71   338.291 55359.33864955 53.99  21.290766   2.066825 16.684 -100.00 -100.00 -100.00
  71   338.424 55359.33865014 53.23  21.291659   2.069326   -100 -100.00 -100.00 -100.00
  71   338.297 55359.33865073 54.25  21.292553   2.071828  9.684 -100.00 -100.00 -100.00
  72   338.119 55369.25428872 51.59  21.289720   2.063737  9.587  266.35  271.66  263.00
  72   338.132 55369.25428931 53.45  21.290613   2.066238 31.610  266.35  271.66  263.00
  72   338.278 55369.25428990 53.21  21.291506   2.068740  9.441  266.35  271.66  263.00
  72   338.416 55369.25429049 55.11  21.292399   2.071241   -100  266.35  271.66  263.00
  73   337.886 55379.16992712 53.43  21.289986   2.064398 29.589  266.34  271.35  262.49
  73   337.974 55379.16992771 53.36  21.290879   2.066899 22.231  266.34  271.35  262.49
  73   338.112 55379.16992830 54.07  21.291772   2.069400   -100  266.34  271.35  262.49
  73   338.164 55379.16992889 52.93  21.292665   2.071902   -100  266.34  271.35  262.49
  74   337.691 55389.08556437 54.18  21.290854   2.063758   -100  265.90  270.92  262.12
  74   337.809 55389.08556496 53.37  21.291748   2.066259 24.050  265.90  270.92  262.12
  74   337.913 55389.08556555 53.61  21.292641   2.068761 12.314  265.90  270.92  262.12
  74   338.017 55389.08556614 54.09  21.293534   2.071262   -100  265.90  270.92  262.12
  75   337.639 55399.00120131 53.41  21.294437   2.065329 21.326  267.57  271.05  265.92
  75   337.745 55399.00120190 53.49  21.295330   2.067830   -100  267.57  271.05  265.92
  75   337.860 55399.00120249 49.12  21.296223   2.070331  1.441  267.57  271.05  265.92
  75   337.942 55399.00120308 47.16  21.297116   2.072833   -100  267.57  271.05  265.92
  76   338.099 55408.91684677 53.36  21.295718   2.064704 20.532 -100.00 -100.00 -100.00
  76   338.235 55408.91684736 53.19  21.296611   2.067205   -100 -100.00 -100.00 -100.00
  76   338.298 55408.91684795 55.20  21.297504   2.069706   -100 -100.00 -100.00 -100.00
  76   337.966 55408.91684854 55.12  21.298397   2.072207 27.919 -100.00 -100.00 -100.00
  77   337.897 55418.83249710 47.01  21.294404   2.065518   -100  270.29  274.45  267.33
  77   337.583 55418.83249769 49.50  21.295297   2.068019 29.561  270.29  274.45  267.33
  77   337.791 55418.83249828 50.36  21.296190   2.070521  7.324  270.29  274.45  267.33
  77   337.888 55418.83249887 50.18  21.297083   2.073022   -100  270.29  274.45  267.33
  78   337.946 55428.74814352 54.14  21.290880   2.063946   -100  269.88  273.80  265.96
  78   337.653 55428.74814411 53.44  21.291773   2.066447 25.321  269.88  273.80  265.96
  78   337.813 55428.74814470 55.42  21.292667   2.068948 28.748  269.88  273.80  265.96
  78   337.933 55428.74814529 55.12  21.293560   2.071449  4.425  269.88  273.80  265.96
  79   337.441 55438.66378766 43.88  21.287162   2.062610   -100  270.31  274.03  266.05
  79   337.296 55438.66378825 46.11  21.288055   2.065111 17.115  270.31  274.03  266.05
  79   337.192 55438.66378884 39.85  21.288949   2.067612   -100  270.31  274.03  266.05
  79   337.263 55438.66378943 48.39  21.289842   2.070113 17.928  270.31  274.03  266.05
  80   337.707 55448.57943137 27.39  21.285622   2.063361 21.589  273.75  277.43  270.70
  80   337.544 55448.57943196 26.36  21.286515   2.065862 19.452  273.75  277.43  270.70
  80   337.692 55448.57943255 21.79  21.287409   2.068363  8.798  273.75  277.43  270.70
  80   337.644 55448.57943314 21.39  21.288302   2.070864  8.415  273.75  277.43  270.70
  81   338.364 55458.49507449 49.16  21.285366   2.061660   -100  273.70  277.12  270.04
  81   338.135 55458.49507508 52.54  21.286259   2.064161 28.693  273.70  277.12  270.04
  81   338.276 55458.49507567 52.44  21.287153   2.066662 15.806  273.70  277.12  270.04
  81   338.376 55458.49507626 55.13  21.288046   2.069163 11.855  273.70  277.12  270.04
  82   337.972 55468.41071787 52.79  21.287754   2.063621 18.913  272.81  276.75  269.11
  82   337.952 55468.41071846 52.28  21.288647   2.066122  4.887  272.81  276.75  269.11
  82   337.895 55468.41071905 53.50  21.289541   2.068623 31.082  272.81  276.75  269.11
  82   338.034 55468.41071964 54.30  21.290434   2.071124 12.565  272.81  276.75  269.11
  83   337.897 55478.32635796 48.50  21.290719   2.065284   -100  271.56  274.64  267.33
  83   337.606 55478.32635855 49.60  21.291612   2.067785 21.044  271.56  274.64  267.33
  83   337.758 55478.32635914 51.49  21.292506   2.070286 32.708  271.56  274.64  267.33
  84   337.756 55488.24199455 52.40  21.292872   2.065622 13.594  266.48  271.11  263.55
  84   337.824 55488.24199514 53.53  21.293765   2.068123   -100  266.48  271.11  263.55
  84   337.945 55488.24199573 53.24  21.294658   2.070624 23.094  266.48  271.11  263.55
  85   338.408 55498.15762821 54.50  21.293871   2.064453 29.363  264.55  268.98  261.72
  85   338.510 55498.15762880 54.37  21.294764   2.066954 15.354  264.55  268.98  261.72
  85   338.632 55498.15762939 55.50  21.295658   2.069455   -100  264.55  268.98  261.72
  85   338.321 55498.15762998 55.42  21.296551   2.071956 23.501  264.55  268.98  261.72
  86   338.968 55508.07326684 52.75  21.294427   2.066381   -100  265.50  269.51  262.35
  86   339.051 55508.07326743 54.06  21.295320   2.068883   -100  265.50  269.51  262.35
  86   338.721 55508.07326802 55.48  21.296213   2.071384   -100  265.50  269.51  262.35
  87   338.507 55517.98891609 53.32  21.290932   2.063870 15.367  266.22  270.70  263.20
  87   338.610 55517.98891668 53.11  21.291825   2.066372   -100  266.22  270.70  263.20
  87   338.625 55517.98891727 54.18  21.292718   2.068873   -100  266.22  270.70  263.20
  87   338.450 55517.98891786 55.40  21.293611   2.071374 15.354  266.22  270.70  263.20
  88   338.714 55527.90456533 54.14  21.290372   2.064458 10.972  268.67  273.02  265.49
  88   338.808 55527.90456592 52.22  21.291265   2.066960   -100  268.67  273.02  265.49
  88   338.814 55527.90456651 55.14  21.292158   2.069461  1.466  268.67  273.02  265.49
  88   338.530 55527.90456710 54.75  21.293052   2.071962   -100  268.67  273.02  265.49
  89   338.410 55537.82021257 53.60  21.289742   2.064317   -100  269.40  273.09  265.97
  89   338.348 55537.82021316 53.61  21.290636   2.066818  3.231  269.40  273.09  265.97
  89   338.230 55537.82021375 55.37  21.291529   2.069319 11.759  269.40  273.09  265.97
  89   338.163 55537.82021434 54.62  21.292422   2.071820   -100  269.40  273.09  265.97
  90   338.225 55547.73585752 53.33  21.288174   2.063348 12.923  270.24  273.09  266.26
  90   338.237 55547.73585811 54.52  21.289067   2.065849 27.379  270.24  273.09  266.26
  90   338.388 55547.73585870 54.31  21.289960   2.068351  7.791  270.24  273.09  266.26
  90   338.493 55547.73585929 55.94  21.290854   2.070852  0.923  270.24  273.09  266.26
  91   338.069 55557.65150069 52.58  21.285513   2.061805 30.272  270.90  273.63  266.94
  91   338.369 55557.65150128 52.29  21.286406   2.064306   -100  270.90  273.63  266.94
  91   338.079 55557.65150187 54.59  21.287299   2.066808   -100  270.90  273.63  266.94
  91   338.299 55557.65150246 55.27  21.288193   2.069309 10.474  270.90  273.63  266.94
  92   338.290 55567.56714400 52.65  21.285005   2.063255   -100  270.93  274.29  267.37
  92   338.606 55567.56714459 53.59  21.285898   2.065756   -100  270.93  274.29  267.37
  92   338.295 55567.56714518 54.64  21.286791   2.068258   -100  270.93  274.29  267.37
  92   338.539 55567.56714577 51.19  21.287684   2.070759   -100  270.93  274.29  267.37
  93   337.953 55577.48278611 48.53  21.285800   2.061835 25.425  272.14  272.37  267.65
  93   338.240 55577.48278671 45.87  21.286693   2.064337   -100  272.14  272.37  267.65
  93   337.958 55577.48278730 50.65  21.287586   2.066838   -100  272.14  272.37  267.65
  93   338.169 55577.48278789 49.41  21.288479   2.069339 10.909  272.14  272.37  267.65
  94   338.084 55587.39842740 55.03  21.289570   2.065302  1.350  274.64  276.54  270.30
  94   337.876 55587.39842799 55.59  21.290463   2.067803   -100  274.64  276.54  270.30
  94   338.112 55587.39842858 56.27  21.291356   2.070305  0.416  274.64  276.54  270.30
  95   338.036 55597.31406443 49.62  21.292205   2.064260  2.817  269.29  272.27  265.43
  95   337.911 55597.31406502 51.66  21.293098   2.066762   -100  269.29  272.27  265.43
  95   338.149 55597.31406561 48.52  21.293991   2.069263   -100  269.29  272.27  265.43
  95   337.869 55597.31406620 52.53  21.294885   2.071765 22.596  269.29  272.27  265.43
  96   337.954 55607.22969850 50.66  21.293837   2.064227   -100  266.58  270.71  263.35
  96   337.680 55607.22969909 52.59  21.294731   2.066728 31.141 -100.00 -100.00 -100.00
  96   337.925 55607.22969968 52.45  21.295624   2.069230  3.306 -100.00 -100.00 -100.00
  96   337.719 55607.22970027 54.15  21.296517   2.071731 15.628 -100.00 -100.00 -100.00
  97   337.590 55617.14533080 38.83  21.296086   2.066945 31.326  266.03  268.95  262.73
  97   337.264 55617.14533139 35.24  21.296979   2.069446 26.888 -100.00 -100.00 -100.00
  97   337.349 55617.14533198 31.61  21.297873   2.071948 16.372 -100.00 -100.00 -100.00
  98   337.327 55627.06097405 54.61  21.293796   2.064750 26.102 -100.00 -100.00 -100.00
  98   337.501 55627.06097464 53.45  21.294689   2.067252 13.165 -100.00 -100.00 -100.00
  98   337.635 55627.06097523 55.60  21.295582   2.069753   -100 -100.00 -100.00 -100.00
  98   337.354 55627.06097582 53.35  21.296475   2.072255 19.797 -100.00 -100.00 -100.00
  99   337.474 55636.97662495 52.97  21.291926   2.064538 31.813  270.83  274.58  267.65
  99   337.397 55636.97662554 53.41  21.292819   2.067039 20.970  270.83  274.58  267.65
  99   337.524 55636.97662613 53.64  21.293712   2.069541   -100  270.83  274.58  267.65
  99   337.699 55636.97662672 51.62  21.294606   2.072042   -100  270.83  274.58  267.65
 100   337.577 55646.89227383 50.83  21.291233   2.063896   -100  268.56  271.76  265.42
 100   337.296 55646.89227442 53.61  21.292127   2.066397 25.218  268.56  271.76  265.42
 100   337.472 55646.89227501 54.52  21.293020   2.068899 17.797  268.56  271.76  265.42
 100   337.596 55646.89227560 55.23  21.293913   2.071400   -100  268.56  271.76  265.42
 101   337.651 55656.80792000 50.72  21.290592   2.063461  7.545  270.53  274.38  267.14
 101   337.698 55656.80792059 53.30  21.291485   2.065962  1.438  270.53  274.38  267.14
 101   337.555 55656.80792118 53.65  21.292379   2.068464   -100  270.53  274.38  267.14
 101   337.763 55656.80792177 54.36  21.293272   2.070965   -100  270.53  274.38  267.14
 102   337.605 55666.72356219 52.90  21.290095   2.063861 16.657  272.08  275.52  268.60
 102   337.795 55666.72356278 52.27  21.290988   2.066362 10.069  272.08  275.52  268.60
 102   337.610 55666.72356337 53.55  21.291882   2.068864 20.486  272.08  275.52  268.60
 102   337.752 55666.72356396 54.64  21.292775   2.071365   -100  272.08  275.52  268.60
 103   337.631 55676.63920177 54.71  21.289621   2.064233   -100  270.64  273.45  266.99
 103   337.519 55676.63920236 53.92  21.290515   2.066735 18.249  270.64  273.45  266.99
 103   337.677 55676.63920295 54.51  21.291408   2.069236 17.538  270.64  273.45  266.99
 103   337.810 55676.63920354 51.18  21.292302   2.071738   -100  270.64  273.45  266.99
 104   337.792 55686.55483976 52.22  21.290151   2.064325 16.008  277.76  280.44  274.26
 104   337.624 55686.55484035 52.56  21.291044   2.066827 14.384  277.76  280.44  274.26
 104   337.768 55686.55484094 53.53  21.291937   2.069328 18.409  277.76  280.44  274.26
 104   337.915 55686.55484153 52.45  21.292831   2.071830  0.105  277.76  280.44  274.26
 105   337.651 55696.47047682 36.15  21.292459   2.065013   -100  274.76  277.47  270.57
 105   337.478 55696.47047741 28.13  21.293353   2.067514 13.709  274.76  277.47  270.57
 105   337.366 55696.47047800 28.32  21.294246   2.070016 16.541  274.76  277.47  270.57
 105   337.459 55696.47047859 29.88  21.295139   2.072517 20.269  274.76  277.47  270.57
 106   337.368 55706.38611280 52.66  21.296427   2.065844 25.425  270.85  273.80  266.94
 106   337.607 55706.38611339 54.55  21.297321   2.068346   -100  270.85  273.80  266.94
 106   337.613 55706.38611398 53.56  21.298214   2.070847   -100  270.85  273.80  266.94
 106   337.343 55706.38611457 55.47  21.299107   2.073349   -100  270.85  273.80  266.94
 107   337.472 55716.30176239 53.60  21.294909   2.065254 18.986  271.08  275.17  267.19
 107   337.605 55716.30176298 53.63  21.295802   2.067756 24.050  271.08  275.17  267.19
 107   337.760 55716.30176357 54.39  21.296695   2.070257  6.797  271.08  275.17  267.19
 107   337.610 55716.30176416 53.04  21.297588   2.072759 14.428  271.08  275.17  267.19
 108   337.348 55726.21741073 51.72  21.292267   2.065399   -100  264.75  270.08  261.83
 108   337.078 55726.21741132 52.72  21.293160   2.067900 27.922  264.75  270.08  261.83
 108   337.288 55726.21741191 54.40  21.294053   2.070402  6.181  264.75  270.08  261.83
 109   337.395 55736.13305668 52.82  21.289281   2.063856   -100  266.67  271.33  263.78
 109   337.107 55736.13305727 53.66  21.290174   2.066357 25.116  266.67  271.33  263.78
 109   337.304 55736.13305786 54.47  21.291067   2.068858  8.504  266.67  271.33  263.78
 109   337.406 55736.13305845 52.87  21.291960   2.071360   -100  266.67  271.33  263.78
 111   337.257 55755.96434498 38.01  21.288267   2.063907   -100  269.18  272.84  265.72
 111   337.357 55755.96434557 33.99  21.289160   2.066408 30.476  269.18  272.84  265.72
 111   337.028 55755.96434616 29.07  21.290053   2.068910 16.555  269.18  272.84  265.72
 111   337.068 55755.96434675 26.41  21.290946   2.071411 12.642  269.18  272.84  265.72
 112   337.194 55765.87998613 53.37  21.290674   2.064511   -100  266.93  271.08  263.61
 112   336.911 55765.87998672 54.73  21.291567   2.067012 28.141  266.93  271.08  263.61
 112   337.069 55765.87998731 55.67  21.292460   2.069513 28.196  266.93  271.08  263.61
 112   337.186 55765.87998790 56.57  21.293353   2.072015 12.742  266.93  271.08  263.61
 113   337.228 55775.79562445 51.78  21.293000   2.064726   -100  269.19  273.06  265.60
 113   336.924 55775.79562504 51.79  21.293893   2.067227   -100  269.19  273.06  265.60
 113   337.111 55775.79562563 53.65  21.294786   2.069728 21.421  269.19  273.06  265.60
 113   337.223 55775.79562623 53.33  21.295679   2.072229   -100  269.19  273.06  265.60
 114   337.197 55785.71126014 54.33  21.294516   2.065501 32.075  267.67  271.59  263.94
 114   337.364 55785.71126073 54.72  21.295410   2.068002 31.728  267.67  271.59  263.94
 114   337.487 55785.71126132 54.16  21.296303   2.070503  8.536 -100.00 -100.00 -100.00
 114   337.539 55785.71126191 52.90  21.297196   2.073004   -100 -100.00 -100.00 -100.00
 115   337.324 55795.62689382 24.51  21.295436   2.064956 10.142  272.98  276.70  268.97
 115   337.651 55795.62689441 25.44  21.296329   2.067457  9.423  272.98  276.70  268.97
 115   337.790 55795.62689500 29.44  21.297222   2.069958 17.920  272.98  276.70  268.97
 115   338.012 55795.62689559 31.39  21.298115   2.072459 18.727  272.98  276.70  268.97
 116   337.138 55805.54253443 19.79  21.296450   2.067106 11.747  273.34  276.46  272.22
 116   337.331 55805.54253502 18.17  21.297343   2.069607  8.625  273.34  276.46  272.22
 116   337.250 55805.54253561 22.13  21.298236   2.072108 15.368  273.34  276.46  272.22
 117   337.756 55815.45818385 35.91  21.294952   2.066304   -100  276.16  279.49  272.84
 117   337.804 55815.45818445 31.38  21.295846   2.068805 22.317  276.16  279.49  272.84
 117   337.923 55815.45818504 30.86  21.296739   2.071306 18.670  276.16  279.49  272.84
 118   337.810 55825.37383102 24.87  21.295195   2.066662  7.215  273.75  277.38  270.34
 118   337.626 55825.37383161 26.65  21.296088   2.069163 10.933  273.75  277.38  270.34
 118   337.607 55825.37383220 27.38  21.296981   2.071665 12.580  273.75  277.38  270.34
 119   338.632 55835.28947312 52.41  21.294956   2.064986   -100  268.20  272.05  264.54
 119   338.486 55835.28947371 52.68  21.295849   2.067487 18.852  268.20  272.05  264.54
 119   338.600 55835.28947430 55.61  21.296742   2.069989 18.234  268.20  272.05  264.54
 119   338.729 55835.28947490 52.51  21.297636   2.072490   -100  268.20  272.05  264.54
 120   338.924 55845.20511197 53.60  21.295325   2.065489   -100  264.00  269.72  261.53
 120   338.688 55845.20511256 53.66  21.296218   2.067991 18.719  264.00  269.72  261.53
 120   338.823 55845.20511315 55.04  21.297111   2.070492 26.856  264.00  269.72  261.53
 120   338.963 55845.20511374 50.50  21.298004   2.072993   -100  264.00  269.72  261.53
 121   338.908 55855.12074793 53.30  21.296539   2.066379   -100  263.89  269.48  261.23
 121   338.988 55855.12074852 54.72  21.297432   2.068880   -100  263.89  269.48  261.23
 121   338.717 55855.12074911 56.34  21.298325   2.071381 17.696  263.89  269.48  261.23
 121   338.710 55855.12074970 55.20  21.299218   2.073882   -100  263.89  269.48  261.23
 122   338.790 55865.03638762 52.57  21.296190   2.065484  9.126  264.86  269.59  262.13
 122   338.945 55865.03638821 52.74  21.297083   2.067985   -100  264.86  269.59  262.13
 122   339.002 55865.03638880 54.78  21.297977   2.070487   -100  264.86  269.59  262.13
 122   338.632 55865.03638939 55.47  21.298870   2.072988   -100  264.86  269.59  262.13
 123   338.932 55874.95204017 51.90  21.293032   2.065303   -100  265.93  270.72  262.53
 123   339.016 55874.95204076 54.42  21.293925   2.067804   -100  265.93  270.72  262.53
 123   338.714 55874.95204135 55.65  21.294818   2.070306 19.797  265.93  270.72  262.53
 123   338.706 55874.95204194 54.01  21.295711   2.072807   -100  265.93  270.72  262.53
 133   337.692 55974.10847633 24.45  21.288940   2.064727 11.154  267.52  271.65  264.27
 133   337.635 55974.10847692 25.29  21.289834   2.067229 14.834  267.52  271.65  264.27
 133   337.875 55974.10847751 23.35  21.290727   2.069730 11.053  267.52  271.65  264.27
 134   337.852 55984.02411238 54.49  21.291540   2.065120   -100  268.17  272.52  265.32
 134   337.603 55984.02411297 54.84  21.292434   2.067621 28.804  268.17  272.52  265.32
 134   337.767 55984.02411356 56.81  21.293327   2.070123 22.231  268.17  272.52  265.32
 135   337.550 55993.93974657 52.86  21.296734   2.066339 26.683  270.85  274.99  267.55
 135   337.733 55993.93974716 53.64  21.297627   2.068841 12.021  270.85  274.99  267.55
 135   337.838 55993.93974775 54.54  21.298520   2.071343  5.417  270.85  274.99  267.55
 135   337.804 55993.93974834 53.35  21.299413   2.073844  5.951  270.85  274.99  267.55
 136   337.354 56003.85539662 52.83  21.295376   2.066058 20.025 -100.00 -100.00 -100.00
 136   337.508 56003.85539721 53.73  21.296269   2.068560 18.234 -100.00 -100.00 -100.00
 136   337.627 56003.85539780 53.76  21.297163   2.071061  1.096 -100.00 -100.00 -100.00
 136   337.678 56003.85539839 53.95  21.298056   2.073563   -100 -100.00 -100.00 -100.00
 137   337.385 56013.77104462 54.83  21.292420   2.064713 30.445  273.41  277.32  269.95
 137   337.618 56013.77104521 53.61  21.293314   2.067215   -100  273.41  277.32  269.95
 137   337.327 56013.77104580 54.87  21.294207   2.069716   -100  273.41  277.32  269.95
 137   337.518 56013.77104639 53.60  21.295100   2.072218 14.268  273.41  277.32  269.95
 139   337.405 56033.60233266 45.40  21.287148   2.062798 13.898  273.78  277.46  272.25
 139   337.635 56033.60233325 39.36  21.288042   2.065299   -100  273.78  277.46  272.25
 139   337.542 56033.60233384 35.21  21.288935   2.067801 29.963  273.78  277.46  272.25
 139   337.399 56033.60233443 37.46  21.289829   2.070302   -100  273.78  277.46  272.25
 141   337.502 56053.43361320 52.19  21.290469   2.063515 22.212  275.00  277.25  270.62
 141   337.655 56053.43361379 51.91  21.291362   2.066017  6.611  275.00  277.25  270.62
 141   337.789 56053.43361438 52.53  21.292255   2.068519   -100  275.00  277.25  270.62
 141   337.562 56053.43361497 53.91  21.293148   2.071020   -100  275.00  277.25  270.62
 142   337.601 56063.34924943 35.04  21.294700   2.066055 27.663  271.63  275.12  267.37
 142   337.523 56063.34925002 32.46  21.295594   2.068556 18.771  271.63  275.12  267.37
 142   337.549 56063.34925061 36.78  21.296487   2.071058   -100  271.63  275.12  267.37
 143   338.025 56073.26489137 51.74  21.295347   2.066411   -100  267.34  271.56  264.00
 143   337.787 56073.26489196 53.91  21.296241   2.068912 31.551  267.34  271.56  264.00
 143   337.962 56073.26489255 53.45  21.297134   2.071414 21.164  267.34  271.56  264.00
 144   338.194 56083.18054050 51.32  21.291448   2.065159  4.852  265.92  270.96  263.06
 144   338.215 56083.18054109 53.88  21.292341   2.067660 25.218  265.92  270.96  263.06
 144   338.163 56083.18054168 52.81  21.293235   2.070161 11.940  265.92  270.96  263.06
 145   337.604 56093.09618691 32.57  21.288820   2.063051   -100  267.46  272.07  264.71
 145   337.534 56093.09618750 30.40  21.289713   2.065552 24.774  267.46  272.07  264.71
 145   337.652 56093.09618809 28.11  21.290607   2.068054 16.087  267.46  272.07  264.71
 145   337.559 56093.09618868 25.52  21.291500   2.070555 12.426  267.46  272.07  264.71
 146   337.279 56103.01183217 52.01  21.289547   2.065063 22.562  265.05  269.99  262.85
 146   337.531 56103.01183276 40.16  21.290440   2.067564 29.723  265.05  269.99  262.85
 146   337.256 56103.01183335 36.53  21.291333   2.070065 24.054  265.05  269.99  262.85
 147   337.464 56112.92746239 52.94  21.290285   2.064204 23.107  265.96  270.29  262.95
 147   337.751 56112.92746298 52.94  21.291178   2.066705   -100  265.96  270.29  262.95
 147   337.432 56112.92746357 55.95  21.292071   2.069206   -100  265.96  270.29  262.95
 147   337.630 56112.92746416 53.90  21.292964   2.071707 18.992  265.96  270.29  262.95
 148   337.159 56122.84310125 52.94  21.292860   2.065854 20.950  268.66  273.35  266.26
 148   337.380 56122.84310184 53.54  21.293753   2.068355   -100  268.66  273.35  266.26
 148   337.123 56122.84310243 55.02  21.294646   2.070856   -100  268.66  273.35  266.26
 149   337.444 56132.75873616 52.21  21.295602   2.066282   -100  267.13  271.49  263.99
 149   337.191 56132.75873675 54.93  21.296496   2.068783 32.503  267.13  271.49  263.99
 149   337.355 56132.75873734 55.58  21.297389   2.071284   -100  267.13  271.49  263.99
 150   337.973 56142.67437328 52.44  21.295884   2.064859   -100  269.05  273.20  265.44
 150   337.709 56142.67437388 51.91  21.296777   2.067360 14.066  269.05  273.20  265.44
 150   337.881 56142.67437447 53.67  21.297670   2.069861  3.878  269.05  273.20  265.44
 150   337.954 56142.67437506 54.74  21.298564   2.072362 11.092  269.05  273.20  265.44
 151   337.700 56152.59002388 24.92  21.292349   2.064597 12.893  271.59  275.44  268.00
 151   337.644 56152.59002447 24.20  21.293243   2.067098 11.588  271.59  275.44  268.00
 151   337.913 56152.59002506 21.56  21.294136   2.069599  5.924  271.59  275.44  268.00
 151   337.958 56152.59002565 24.24  21.295029   2.072100  9.698  271.59  275.44  268.00
 152   338.001 56162.50567343 47.62  21.290823   2.065215   -100  274.66  277.13  270.31
 152   337.873 56162.50567402 51.07  21.291716   2.067717 27.704  274.66  277.13  270.31
 152   338.150 56162.50567461 50.59  21.292609   2.070218   -100  274.66  277.13  270.31
 153   337.498 56172.42132085 50.87  21.290495   2.064299  7.092  273.63  276.69  269.96
 153   337.749 56172.42132144 53.03  21.291388   2.066800   -100  273.63  276.69  269.96
 153   337.475 56172.42132203 54.98  21.292281   2.069301 28.361  273.63  276.69  269.96
 153   337.653 56172.42132262 54.33  21.293174   2.071802 20.780  273.63  276.69  269.96
 154   338.070 56182.33696378 53.98  21.291610   2.064381 24.808  271.18  274.57  266.86
 154   338.270 56182.33696437 51.98  21.292503   2.066882   -100  271.18  274.57  266.86
 154   337.988 56182.33696496 54.03  21.293396   2.069383 31.551  271.18  274.57  266.86
 154   338.171 56182.33696555 53.22  21.294289   2.071884 17.767  271.18  274.57  266.86
 155   338.471 56192.25260257 32.71  21.291864   2.063794   -100  267.14  268.44  259.75
 155   338.613 56192.25260316 30.80  21.292757   2.066295 27.959  267.14  268.44  259.75
 155   338.469 56192.25260375 30.54  21.293650   2.068796 26.631  267.14  268.44  259.75
 155   338.518 56192.25260434 32.05  21.294543   2.071297   -100  267.14  268.44  259.75
 156   338.300 56202.16823905 53.69  21.292699   2.065846  0.827  264.43  268.90  261.29
 156   338.245 56202.16823964 54.97  21.293592   2.068347 21.044  264.43  268.90  261.29
 156   338.051 56202.16824023 54.89  21.294485   2.070849 28.062  264.43  268.90  261.29
 157   338.423 56212.08387271 54.97  21.294085   2.064425   -100  263.65  268.29  260.92
 157   338.549 56212.08387330 53.84  21.294978   2.066926 17.237  263.65  268.29  260.92
 157   338.684 56212.08387389 54.56  21.295871   2.069427   -100  263.65  268.29  260.92
 157   338.703 56212.08387448 54.06  21.296764   2.071928   -100  263.65  268.29  260.92
 158   338.821 56221.99950564 52.75  21.299298   2.067580  7.993  267.28  271.65  264.18
 158   338.962 56221.99950623 54.87  21.300191   2.070081   -100  267.28  271.65  264.18
 158   338.925 56221.99950682 53.80  21.301084   2.072582  2.842  267.28  271.65  264.18
 158   338.698 56221.99950741 53.95  21.301977   2.075083 25.919  267.28  271.65  264.18
 159   338.989 56231.91515926 52.83  21.296732   2.066261 10.691  264.62  268.63  261.38
 159   339.100 56231.91515985 54.77  21.297625   2.068762  9.126  264.62  268.63  261.38
 159   339.175 56231.91516044 55.30  21.298518   2.071263   -100  264.62  268.63  261.38
 159   338.882 56231.91516103 55.94  21.299411   2.073764 26.050  264.62  268.63  261.38
 160   339.440 56241.83081124 52.20  21.294164   2.065364   -100 -100.00 -100.00 -100.00
 160   339.480 56241.83081183 53.83  21.295057   2.067865   -100 -100.00 -100.00 -100.00
 160   339.404 56241.83081242 54.75  21.295950   2.070366  5.638 -100.00 -100.00 -100.00
 160   339.219 56241.83081301 55.38  21.296843   2.072867   -100 -100.00 -100.00 -100.00
 161   339.292 56251.74645937 54.49  21.291599   2.065279 23.777  266.42  271.40  263.21
 161   339.381 56251.74645996 53.99  21.292492   2.067781 25.945  266.42  271.40  263.21
 161   339.491 56251.74646055 53.51  21.293385   2.070282  6.718  266.42  271.40  263.21
 162   339.383 56261.66210294 53.48  21.289832   2.064228  1.788 -100.00 -100.00 -100.00
 162   339.484 56261.66210353 54.64  21.290726   2.066729   -100 -100.00 -100.00 -100.00
 162   339.432 56261.66210412 55.65  21.291619   2.069231  4.150 -100.00 -100.00 -100.00
 162   339.204 56261.66210471 54.92  21.292512   2.071732 26.389 -100.00 -100.00 -100.00
 163   339.392 56271.57774496 53.81  21.289708   2.064222 15.069  270.75  275.03  266.98
 163   339.496 56271.57774555 54.65  21.290601   2.066723  1.214  270.75  275.03  266.98
 163   339.582 56271.57774615 54.23  21.291494   2.069225   -100  270.75  275.03  266.98
 163   339.268 56271.57774674 53.49  21.292387   2.071726 20.624  270.75  275.03  266.98
 164   339.546 56281.49338675 50.23  21.290750   2.064487  5.022  271.94  275.24  269.08
 164   339.634 56281.49338734 52.82  21.291643   2.066989  7.490  271.94  275.24  269.08
 164   339.727 56281.49338793 52.50  21.292536   2.069490   -100  271.94  275.24  269.08
 164   339.409 56281.49338852 49.91  21.293429   2.071992 13.246  271.94  275.24  269.08
 165   339.733 56291.40903914 53.17  21.288469   2.063413   -100  270.72  274.10  267.00
 165   339.567 56291.40903973 53.35  21.289362   2.065914 10.896  270.72  274.10  267.00
 165   339.886 56291.40904033 54.64  21.290256   2.068415   -100  270.72  274.10  267.00
 165   339.518 56291.40904092 52.99  21.291149   2.070917 18.352  270.72  274.10  267.00
 166   339.374 56301.32468743 53.66  21.287267   2.064122 15.728  265.58  268.43  261.64
 166   339.483 56301.32468802 53.64  21.288160   2.066624   -100  265.58  268.43  261.64
 166   339.548 56301.32468861 54.70  21.289053   2.069125   -100  265.58  268.43  261.64
 167   338.881 56311.24033067 48.63  21.285344   2.061858   -100  266.50  271.12  263.54
 167   338.794 56311.24033126 49.16  21.286237   2.064359  2.817  266.50  271.12  263.54
 167   338.753 56311.24033185 52.06  21.287130   2.066861 27.487  266.50  271.12  263.54
 167   338.885 56311.24033244 51.93  21.288024   2.069362 14.947  266.50  271.12  263.54
 169   338.388 56331.07161296 51.78  21.286436   2.064171   -100  265.82  270.49  262.78
 169   338.217 56331.07161355 53.89  21.287329   2.066672 11.721  265.82  270.49  262.78
 169   338.298 56331.07161414 53.83  21.288222   2.069174 11.203  265.82  270.49  262.78
 170   338.268 56340.98725259 28.32  21.288309   2.062801 15.155  267.17  271.65  264.12
 170   338.328 56340.98725318 26.89  21.289202   2.065303 10.735  267.17  271.65  264.12
 170   338.129 56340.98725377 27.42  21.290096   2.067804 10.558  267.17  271.65  264.12
 170   338.187 56340.98725436 30.72  21.290989   2.070306 21.877  267.17  271.65  264.12
 171   338.526 56350.90289098 52.98  21.292947   2.065181 17.495  269.73  273.64  266.48
 171   338.633 56350.90289158 53.85  21.293840   2.067682  9.230  269.73  273.64  266.48
 171   338.743 56350.90289217 55.20  21.294733   2.070184  0.677  269.73  273.64  266.48
 171   338.748 56350.90289276 52.23  21.295626   2.072685   -100  269.73  273.64  266.48
 172   337.912 56360.81852956 52.06  21.295502   2.065833 22.039  267.53  271.14  263.97
 172   338.014 56360.81853015 53.93  21.296395   2.068334 16.853  267.53  271.14  263.97
 172   338.122 56360.81853074 54.83  21.297289   2.070836  8.952  267.53  271.14  263.97
 172   338.188 56360.81853133 54.60  21.298182   2.073337   -100  267.53  271.14  263.97
 173   338.480 56370.73417873 54.39  21.291685   2.065704  3.419  272.05  275.61  268.52
 173   338.335 56370.73417932 54.05  21.292578   2.068205   -100  272.05  275.61  268.52
 173   338.511 56370.73417991 53.42  21.293472   2.070707 13.419 -100.00 -100.00 -100.00
 175   338.394 56390.56546991 53.17  21.284966   2.063543 26.683  274.91  278.43  271.08
 175   338.325 56390.56547050 53.37  21.285859   2.066044 26.332  274.91  278.43  271.08
 175   338.622 56390.56547109 54.52  21.286752   2.068546  3.515  274.91  278.43  271.08
 176   338.606 56400.48111343 52.02  21.286309   2.063301 17.711  275.00  278.05  271.05
 176   338.848 56400.48111402 53.80  21.287202   2.065803   -100  275.00  278.05  271.05
 176   338.585 56400.48111461 55.10  21.288095   2.068305 29.929  275.00  278.05  271.05
 176   338.795 56400.48111520 53.93  21.288988   2.070806  5.002  275.00  278.05  271.05
 177   338.978 56410.39675456 53.12  21.289360   2.063943 24.200  266.96  270.77  263.56
 177   339.140 56410.39675515 53.97  21.290253   2.066445 19.435  266.96  270.77  263.56
 177   339.270 56410.39675574 53.60  21.291147   2.068946   -100  266.96  270.77  263.56
 177   339.024 56410.39675633 53.14  21.292040   2.071448 13.979  266.96  270.77  263.56
 178   339.168 56420.31239066 52.11  21.292757   2.063925  3.866  270.64  274.99  266.80
 178   339.262 56420.31239125 52.77  21.293650   2.066427   -100  270.64  274.99  266.80
 178   339.275 56420.31239184 52.62  21.294544   2.068928   -100  270.64  274.99  266.80
 178   339.001 56420.31239243 54.40  21.295437   2.071430 27.635  270.64  274.99  266.80
 179   339.098 56430.22802783 50.09  21.294773   2.065312  8.588  265.83  270.90  262.81
 179   339.198 56430.22802842 48.40  21.295667   2.067814   -100  265.83  270.90  262.81
 179   339.247 56430.22802901 50.65  21.296560   2.070316   -100  265.83  270.90  262.81
 179   339.380 56430.22802960 51.73  21.297453   2.072817   -100  265.83  270.90  262.81
 180   338.273 56440.14367970 55.15  21.288968   2.063354 32.085  267.16  272.05  263.93
 180   338.372 56440.14368029 55.05  21.289861   2.065855 20.071  267.16  272.05  263.93
 180   338.491 56440.14368088 53.66  21.290755   2.068357   -100  267.16  272.05  263.93
 180   338.250 56440.14368147 53.67  21.291648   2.070858 15.202  267.16  272.05  263.93
 181   337.866 56450.05932946 53.18  21.285881   2.062878 22.960  265.56  270.16  262.56
 181   338.105 56450.05933005 52.22  21.286774   2.065379  8.505  265.56  270.16  262.56
 181   338.195 56450.05933064 54.81  21.287667   2.067880   -100  265.56  270.16  262.56
 181   338.042 56450.05933123 51.71  21.288561   2.070382 22.139  265.56  270.16  262.56
 182   337.376 56459.97497711 54.83  21.285473   2.061956   -100  268.16  272.55  264.84
 182   337.652 56459.97497770 52.49  21.286366   2.064458   -100  268.16  272.55  264.84
 182   337.721 56459.97497829 53.74  21.287259   2.066959   -100  268.16  272.55  264.84
 182   337.530 56459.97497888 55.17  21.288152   2.069460   -100  268.16  272.55  264.84
 183   337.555 56469.89062189 50.24  21.286463   2.062443   -100  269.33  273.26  265.82
 183   337.532 56469.89062248 51.89  21.287356   2.064944  0.937  269.33  273.26  265.82
 183   337.394 56469.89062307 54.14  21.288249   2.067445 32.323  269.33  273.26  265.82
 183   337.513 56469.89062366 54.80  21.289142   2.069946 24.280  269.33  273.26  265.82
 184   337.571 56479.80626340 41.51  21.288470   2.064791   -100  268.93  272.46  265.40
 184   337.354 56479.80626399 48.39  21.289363   2.067292 20.208  268.93  272.46  265.40
 184   337.613 56479.80626458 46.79  21.290256   2.069793   -100  268.93  272.46  265.40
 185   337.360 56489.72190050 54.22  21.289509   2.064312   -100  270.19  273.79  266.35
 185   337.312 56489.72190109 54.16  21.290402   2.066813 27.596  270.19  273.79  266.35
 185   337.592 56489.72190168 53.11  21.291295   2.069314  4.569  270.19  273.79  266.35
 185   337.353 56489.72190227 54.10  21.292188   2.071815   -100  270.19  273.79  266.35
 187   337.553 56509.55316988 54.23  21.294978   2.064651   -100  268.92  272.12  265.26
 187   337.821 56509.55317047 52.26  21.295871   2.067152   -100  268.92  272.12  265.26
 187   337.564 56509.55317106 55.19  21.296764   2.069654 28.471  268.92  272.12  265.26
 187   337.745 56509.55317165 54.09  21.297658   2.072155 15.083  268.92  272.12  265.26
 188   337.508 56519.46881211 19.92  21.296978   2.065059  5.877  274.77  278.16  271.10
 188   337.472 56519.46881270 19.69  21.297871   2.067560  5.918  274.77  278.16  271.10
 188   337.598 56519.46881329 18.57  21.298764   2.070062  4.597  274.77  278.16  271.10
 188   337.598 56519.46881388 18.66  21.299658   2.072563  4.561  274.77  278.16  271.10
 189   337.562 56529.38446612 53.42  21.294939   2.065443 24.720 -100.00 -100.00 -100.00
 189   337.816 56529.38446671 54.06  21.295832   2.067945 13.790 -100.00 -100.00 -100.00
 189   337.737 56529.38446730 54.03  21.296725   2.070446 12.172 -100.00 -100.00 -100.00
 189   337.760 56529.38446789 54.74  21.297618   2.072947 32.162 -100.00 -100.00 -100.00
 190   337.968 56539.30011607 50.99  21.293427   2.066009  3.668  267.57  272.18  264.40
 190   337.988 56539.30011666 52.96  21.294320   2.068510  5.988  267.57  272.18  264.40
 190   337.880 56539.30011725 53.23  21.295213   2.071011 30.850  267.57  272.18  264.40
 191   337.497 56549.21576077 50.99  21.290123   2.063420 31.378  263.46  268.58  260.80
 191   337.656 56549.21576136 48.01  21.291016   2.065921   -100  263.46  268.58  260.80
 191   337.724 56549.21576195 38.51  21.291909   2.068422 26.839  263.46  268.58  260.80
 191   337.480 56549.21576255 36.36  21.292802   2.070923 24.652  263.46  268.58  260.80
 192   337.815 56559.13140331 52.23  21.287436   2.062816   -100  270.29  273.76  268.05
 192   337.629 56559.13140390 52.14  21.288329   2.065317 18.675  270.29  273.76  268.05
 192   337.557 56559.13140449 54.09  21.289222   2.067819 18.719  270.29  273.76  268.05
 192   337.695 56559.13140508 55.11  21.290115   2.070320 22.376  270.29  273.76  268.05
 193   338.058 56569.04704535 53.26  21.287430   2.064177 29.986  265.79  270.20  262.72
 193   338.329 56569.04704594 52.95  21.288323   2.066678   -100  265.79  270.20  262.72
 193   338.051 56569.04704653 55.28  21.289216   2.069179   -100  265.79  270.20  262.72
 194   338.468 56578.96268603 53.07  21.289499   2.064074  2.328  266.37  270.70  263.31
 194   338.311 56578.96268662 54.14  21.290392   2.066575 20.578  266.37  270.70  263.31
 194   338.449 56578.96268721 55.12  21.291285   2.069076 20.071  266.37  270.70  263.31
 194   338.557 56578.96268780 53.88  21.292178   2.071577 13.830  266.37  270.70  263.31
 195   338.401 56588.87832378 54.06  21.295135   2.066494 11.276  269.15  273.28  265.81
 195   338.437 56588.87832438 55.26  21.296028   2.068995   -100  269.15  273.28  265.81
 195   338.586 56588.87832497 55.01  21.296921   2.071496 18.987  269.15  273.28  265.81
 196   338.252 56598.79396740 53.20  21.295822   2.064950 24.251  269.74  273.69  266.06
 196   338.365 56598.79396799 53.11  21.296715   2.067451 15.518  269.74  273.69  266.06
 196   338.518 56598.79396858 55.11  21.297608   2.069952   -100  269.74  273.69  266.06
 196   338.245 56598.79396918 53.57  21.298501   2.072453 15.142  269.74  273.69  266.06
 197   338.585 56608.70961815 55.21  21.291884   2.064728 30.560  271.54  275.34  268.01
 197   338.873 56608.70961874 54.20  21.292777   2.067230   -100 -100.00 -100.00 -100.00
 197   338.564 56608.70961933 54.47  21.293671   2.069731   -100 -100.00 -100.00 -100.00
 197   338.776 56608.70961992 55.25  21.294564   2.072232 13.919 -100.00 -100.00 -100.00
 198   338.993 56618.62526446 53.91  21.288981   2.065032  4.609  269.96  273.66  266.24
 198   338.864 56618.62526505 54.19  21.289874   2.067534 26.050  269.96  273.66  266.24
 198   339.025 56618.62526564 52.60  21.290767   2.070035  3.487  269.96  273.66  266.24
 199   339.163 56628.54090765 53.71  21.287859   2.064283   -100  273.33  277.04  269.52
 199   338.976 56628.54090824 54.19  21.288752   2.066784 17.237  273.33  277.04  269.52
 199   339.116 56628.54090883 55.19  21.289645   2.069286 21.091  273.33  277.04  269.52
 200   339.212 56638.45654837 51.96  21.289887   2.064505   -100 -100.00 -100.00 -100.00
 200   339.309 56638.45654896 53.16  21.290780   2.067006   -100 -100.00 -100.00 -100.00
 200   339.105 56638.45654955 54.04  21.291673   2.069508  8.779 -100.00 -100.00 -100.00
 200   339.015 56638.45655014 55.48  21.292567   2.072009   -100 -100.00 -100.00 -100.00
 201   338.767 56648.37219288 54.79  21.291611   2.064399 31.045  271.39  273.46  267.11
 201   338.865 56648.37219347 54.07  21.292505   2.066901 13.711  271.39  273.46  267.11
 201   338.964 56648.37219406 52.41  21.293398   2.069402   -100  271.39  273.46  267.11
 201   338.669 56648.37219465 53.55  21.294291   2.071904 22.568  271.39  273.46  267.11
 202   338.300 56658.28784492 52.84  21.289393   2.065015   -100  265.79  269.25  262.54
 202   338.070 56658.28784552 54.23  21.290287   2.067517 30.272  265.79  269.25  262.54
 202   338.240 56658.28784611 54.26  21.291180   2.070018 13.894  265.79  269.25  262.54
 203   338.317 56668.20349167 49.23  21.285861   2.061992   -100  266.25  270.19  262.95
 203   338.144 56668.20349226 52.18  21.286754   2.064494 15.518  266.25  270.19  262.95
 203   338.081 56668.20349285 53.18  21.287647   2.066995 13.829  266.25  270.19  262.95
 203   338.191 56668.20349344 54.26  21.288541   2.069497 29.195  266.25  270.19  262.95
 205   337.939 56688.03477982 50.69  21.285173   2.062391   -100  268.84  273.02  265.62
 205   337.871 56688.03478041 49.58  21.286066   2.064892 28.534  268.84  273.02  265.62
 205   337.809 56688.03478100 41.59  21.286959   2.067394   -100  268.84  273.02  265.62
 205   337.933 56688.03478159 34.92  21.287853   2.069895 24.348  268.84  273.02  265.62
 206   337.923 56697.95042131 36.03  21.288092   2.063743   -100  267.44  270.51  263.51
 206   337.913 56697.95042190 37.28  21.288986   2.066245   -100  267.44  270.51  263.51
 206   337.919 56697.95042249 43.08  21.289879   2.068746   -100  267.44  270.51  263.51
 206   338.165 56697.95042308 42.82  21.290772   2.071248   -100  267.44  270.51  263.51
 207   337.986 56707.86605859 51.85  21.292871   2.066151   -100  266.61  268.74  262.46
 207   337.728 56707.86605918 54.98  21.293764   2.068653   -100  266.61  268.74  262.46
 207   337.916 56707.86605977 51.89  21.294657   2.071154 15.335  266.61  268.74  262.46
 208   337.045 56717.78169566 19.56  21.295135   2.066666 24.010  268.12  260.22  242.69
 208   337.126 56717.78169625 19.79  21.296029   2.069167 25.625  268.12  260.22  242.69
 208   337.349 56717.78169684 18.72  21.296922   2.071669 20.228  268.12  260.22  242.69
 209   395.245 56727.69734735 21.28  21.289266   2.064044   -100 -100.00 -100.00 -100.00
 209   395.274 56727.69734794  6.93  21.290159   2.066545 18.186 -100.00 -100.00 -100.00
 209   393.478 56727.69734912  4.44  21.291946   2.071549  8.107 -100.00 -100.00 -100.00
 211   338.469 56747.52864076 36.14  21.282978   2.061419 22.695  276.12  278.98  271.54
 211   338.116 56747.52864135 38.85  21.283871   2.063920   -100  276.12  278.98  271.54
 211   337.955 56747.52864194 37.60  21.284764   2.066422   -100  276.12  278.98  271.54
 211   337.959 56747.52864254 40.93  21.285657   2.068924   -100  276.12  278.98  271.54
 212   338.418 56757.44428248 49.33  21.286295   2.063469   -100  275.51  277.09  270.11
 212   338.225 56757.44428307 50.38  21.287188   2.065971 19.616  275.51  277.09  270.11
 212   338.372 56757.44428366 52.07  21.288081   2.068472  3.016  275.51  277.09  270.11
 212   338.254 56757.44428425 53.88  21.288974   2.070974   -100  275.51  277.09  270.11
 213   338.613 56767.35991840 36.08  21.292087   2.065255   -100  268.64  271.98  263.38
 213   338.547 56767.35991899 31.63  21.292980   2.067757 26.653  268.64  271.98  263.38
 213   338.667 56767.35991958 32.35  21.293873   2.070258 27.402  268.64  271.98  263.38
 214   338.563 56777.27556280 52.40  21.292743   2.065846 27.704  267.68  272.61  263.64
 214   338.878 56777.27556339 51.29  21.293637   2.068348   -100  267.68  272.61  263.64
 214   338.626 56777.27556398 51.99  21.294530   2.070849 28.070  267.68  272.61  263.64
 215   338.775 56787.19121788 54.16  21.287120   2.064091 13.829  264.68  270.20  261.67
 215   338.836 56787.19121847 53.30  21.288013   2.066593 27.218  264.68  270.20  261.67
 215   338.960 56787.19121906 55.14  21.288906   2.069095 18.190  264.68  270.20  261.67
 216   338.700 56797.10686894 48.97  21.281457   2.061371   -100  265.84  270.44  262.83
 216   338.823 56797.10686953 52.26  21.282350   2.063872   -100  265.84  270.44  262.83
 216   338.624 56797.10687013 54.34  21.283244   2.066374 30.908  265.84  270.44  262.83
 216   338.526 56797.10687072 53.42  21.284137   2.068875 19.929  265.84  270.44  262.83
 217   338.662 56807.02251559 44.82  21.279511   2.061051   -100 -100.00 -100.00 -100.00
 217   338.588 56807.02251618 49.34  21.280404   2.063553 20.301 -100.00 -100.00 -100.00
 217   338.497 56807.02251677 50.62  21.281297   2.066054   -100 -100.00 -100.00 -100.00
 217   338.456 56807.02251736 44.70  21.282190   2.068556  1.800 -100.00 -100.00 -100.00
 217   338.553 56807.02251795 45.14  21.283083   2.071057 16.232 -100.00 -100.00 -100.00
 219   338.250 56826.85379476 54.34  21.286576   2.064051 28.306  269.02  273.30  265.54
 219   338.347 56826.85379535 55.10  21.287469   2.066552 18.887  269.02  273.30  265.54
 219   338.481 56826.85379594 54.37  21.288362   2.069053   -100  269.02  273.30  265.54
 220   398.351 56836.76942938 23.68  21.290992   2.065196 31.434  270.14  273.85  266.90
 220   398.658 56836.76942997 25.45  21.291886   2.067697 31.639  270.14  273.85  266.90
 220   398.278 56836.76943057 27.68  21.292779   2.070198   -100  270.14  273.85  266.90
 221   337.555 56846.68506102 38.91  21.294798   2.065479   -100 -100.00 -100.00 -100.00
 221   337.695 56846.68506161 37.77  21.295692   2.067981 28.033 -100.00 -100.00 -100.00
 221   337.755 56846.68506220 44.23  21.296585   2.070482  0.358 -100.00 -100.00 -100.00
 221   337.840 56846.68506279 44.12  21.297478   2.072983   -100 -100.00 -100.00 -100.00
 222   337.546 56856.60071090 47.33  21.292178   2.065712   -100  268.44  272.75  264.75
 222   337.434 56856.60071149 46.92  21.293072   2.068213 12.437  268.44  272.75  264.75
 222   337.590 56856.60071208 43.34  21.293965   2.070714   -100  268.44  272.75  264.75
 223   337.472 56866.51636415 50.97  21.289133   2.064892 16.018 -100.00 -100.00 -100.00
 223   337.706 56866.51636474 50.21  21.290026   2.067393  1.186 -100.00 -100.00 -100.00
 223   337.593 56866.51636533 51.33  21.290919   2.069894  9.476 -100.00 -100.00 -100.00
 224   337.336 56876.43201634 28.04  21.287338   2.064524 19.447  270.59  274.15  268.83
 224   337.398 56876.43201693 24.85  21.288231   2.067025 11.150  270.59  274.15  268.83
 224   337.138 56876.43201752 26.91  21.289124   2.069527 17.126  270.59  274.15  268.83
 225   337.735 56886.34766531 53.22  21.285796   2.063531  7.791  271.17  274.39  267.18
 225   337.761 56886.34766590 54.32  21.286690   2.066032 22.813  271.17  274.39  267.18
 225   337.875 56886.34766649 55.10  21.287583   2.068534  4.211  271.17  274.39  267.18
 225   337.733 56886.34766708 55.44  21.288476   2.071035   -100  271.17  274.39  267.18
 226   337.180 56896.26331135 18.10  21.284303   2.062534  8.411  275.68  273.48  263.63
 226   337.377 56896.26331194 17.90  21.285196   2.065035  8.245  275.68  273.48  263.63
 226   337.424 56896.26331253 19.62  21.286089   2.067536 10.667  275.68  273.48  263.63
 226   337.604 56896.26331312 20.11  21.286982   2.070037 11.735  275.68  273.48  263.63
 227   337.784 56906.17895426 52.70  21.282712   2.061924 24.533  266.46  270.76  264.87
 227   338.039 56906.17895486 51.93  21.283605   2.064425   -100  266.46  270.76  264.87
 227   337.944 56906.17895545 53.36  21.284498   2.066926 21.848  266.46  270.76  264.87
 227   337.814 56906.17895604 54.35  21.285391   2.069427 25.477  266.46  270.76  264.87
 228   338.445 56916.09459493 53.04  21.281885   2.061583  6.115  265.04  269.17  261.91
 228   338.311 56916.09459552 52.44  21.282778   2.064084 24.301  265.04  269.17  261.91
 228   338.597 56916.09459611 54.22  21.283672   2.066586   -100  265.04  269.17  261.91
 228   338.309 56916.09459670 55.47  21.284565   2.069087   -100  265.04  269.17  261.91
 229   337.975 56926.01023394 49.05  21.283660   2.061645   -100  265.68  270.18  262.43
 229   337.824 56926.01023453 49.67  21.284553   2.064146 27.051  265.68  270.18  262.43
 229   337.651 56926.01023512 48.01  21.285446   2.066648 17.352  265.68  270.18  262.43
 229   337.810 56926.01023571 51.56  21.286339   2.069149   -100  265.68  270.18  262.43
 230   338.213 56935.92587061 54.49  21.288891   2.064520   -100  268.10  272.63  264.73
 230   338.475 56935.92587120 53.16  21.289784   2.067021   -100  268.10  272.63  264.73
 230   338.232 56935.92587179 54.42  21.290677   2.069522 25.321  268.10  272.63  264.73
 231   338.782 56945.84150206 53.35  21.296013   2.066603 15.724  267.40  271.56  263.73
 231   338.938 56945.84150265 54.19  21.296906   2.069104   -100  267.40  271.56  263.73
 231   338.832 56945.84150324 51.54  21.297799   2.071605  1.115 -100.00 -100.00 -100.00
 232   338.660 56955.75715369 52.33  21.293591   2.065415 27.433  269.51  274.23  266.26
 232   338.790 56955.75715428 49.82  21.294484   2.067917  6.144  269.51  274.23  266.26
 232   338.899 56955.75715487 52.39  21.295377   2.070418  5.162 -100.00 -100.00 -100.00
 232   338.976 56955.75715546 52.13  21.296270   2.072919   -100 -100.00 -100.00 -100.00
 233   339.227 56965.67280240 54.32  21.289695   2.063489 21.515  268.97  273.24  264.75
 233   339.326 56965.67280299 53.15  21.290589   2.065991  5.702  268.97  273.24  264.75
 233   339.443 56965.67280358 54.21  21.291482   2.068492   -100  268.97  273.24  264.75
 233   339.347 56965.67280417 52.76  21.292375   2.070993  4.997  268.97  273.24  264.75
 234   339.583 56975.58844738 50.09  21.287398   2.062963   -100  269.09  273.24  265.26
 234   339.660 56975.58844797 49.27  21.288291   2.065464   -100  269.09  273.24  265.26
 234   339.619 56975.58844856 49.73  21.289184   2.067966  0.392  269.09  273.24  265.26
 234   339.425 56975.58844915 52.42  21.290077   2.070467 20.509  269.09  273.24  265.26
 235   339.412 56985.50408885 53.35  21.288560   2.065014 14.484  272.17  276.11  268.29
 235   339.521 56985.50408944 53.64  21.289453   2.067515   -100  272.17  276.11  268.29
 235   339.252 56985.50409003 54.70  21.290346   2.070016 17.050  272.17  276.11  268.29
 236   339.297 56995.41972462 40.71  21.292201   2.064535   -100  269.59  273.35  268.46
 236   339.231 56995.41972521 38.94  21.293094   2.067036   -100  269.59  273.35  268.46
 236   339.068 56995.41972580 40.43  21.293987   2.069538   -100  269.59  273.35  268.46
 236   339.454 56995.41972639 38.86  21.294880   2.072039 31.772  269.59  273.35  268.46
 237   339.397 57005.33536783 51.14  21.295037   2.066715   -100  271.31  275.54  267.59
 237   339.472 57005.33536842 52.53  21.295931   2.069216   -100  271.31  275.54  267.59
 237   339.202 57005.33536901 52.33  21.296824   2.071717 11.928  271.31  275.54  267.59
 238   338.528 57015.25102266 54.42  21.290850   2.064961 30.966  263.72  267.55  260.57
 238   338.681 57015.25102325 55.31  21.291743   2.067463 20.209  263.72  267.55  260.57
 238   338.797 57015.25102384 54.14  21.292637   2.069964   -100  263.72  267.55  260.57
 239   338.551 57025.16667261 51.27  21.286820   2.062283  4.517  263.58  266.86  260.04
 239   338.523 57025.16667320 53.32  21.287713   2.064784 19.435  263.58  266.86  260.04
 239   338.621 57025.16667379 54.31  21.288606   2.067285 18.365  263.58  266.86  260.04
 239   338.742 57025.16667438 52.18  21.289500   2.069787   -100  263.58  266.86  260.04
 240   338.451 57035.08232112 52.47  21.285599   2.063529   -100 -100.00 -100.00 -100.00
 240   338.229 57035.08232171 54.44  21.286493   2.066031 26.736 -100.00 -100.00 -100.00
 240   338.397 57035.08232230 55.48  21.287386   2.068532 31.199 -100.00 -100.00 -100.00
 240   338.525 57035.08232289 54.81  21.288279   2.071034   -100 -100.00 -100.00 -100.00
 241   337.655 57044.99796692 53.27  21.286177   2.063844  5.386  266.16  269.52  262.56
 241   337.830 57044.99796752 53.17  21.287071   2.066346   -100  266.16  269.52  262.56
 241   337.550 57044.99796811 55.53  21.287964   2.068847   -100  266.16  269.52  262.56
 242   337.410 57054.91360987 53.46  21.288173   2.064354 23.452  269.20  273.18  265.79
 242   337.606 57054.91361046 53.15  21.289066   2.066856   -100  269.20  273.18  265.79
 242   337.372 57054.91361105 54.12  21.289960   2.069357   -100  269.20  273.18  265.79
 243   337.644 57064.82924782 51.16  21.290432   2.064069   -100  270.39  274.12  266.74
 243   337.421 57064.82924841 54.48  21.291326   2.066570 25.013  270.39  274.12  266.74
 243   337.564 57064.82924900 54.50  21.292219   2.069072 31.493  270.39  274.12  266.74
 243   337.691 57064.82924959 53.43  21.293112   2.071573  7.404  270.39  274.12  266.74
 244   337.507 57074.74488181 53.52  21.293435   2.066318 29.083  271.80  274.71  268.07
 244   337.700 57074.74488240 55.44  21.294328   2.068820 26.102  271.80  274.71  268.07
 244   337.836 57074.74488299 53.87  21.295221   2.071321   -100  271.80  274.71  268.07
 245   335.957 57084.66051197 22.58  21.296048   2.064858  6.704  271.32  274.03  267.33
 245   336.477 57084.66051256 22.74  21.296942   2.067360  7.485  271.32  274.03  267.33
 245   336.905 57084.66051315 21.94  21.297835   2.069861  5.405  271.32  274.03  267.33
 245   336.988 57084.66051374 23.87  21.298728   2.072363  9.431  271.32  274.03  267.33
 246   337.683 57094.57616513 35.34  21.291954   2.063992 19.911  276.87  279.83  272.36
 246   337.537 57094.57616572 34.85  21.292847   2.066494 19.079  276.87  279.83  272.36
 246   337.563 57094.57616631 34.89  21.293740   2.068996 20.393  276.87  279.83  272.36
 246   337.506 57094.57616690 34.87  21.294634   2.071497 19.213  276.87  279.83  272.36
 247   337.522 57104.49182170 49.95  21.287991   2.063806   -100  274.16  276.43  269.92
 247   337.379 57104.49182229 51.12  21.288884   2.066307 26.703  274.16  276.43  269.92
 247   337.239 57104.49182288 49.20  21.289777   2.068809 25.170  274.16  276.43  269.92
 247   337.481 57104.49182347 42.53  21.290670   2.071311   -100  274.16  276.43  269.92
 248   337.638 57114.40747413 51.25  21.286553   2.063371   -100  275.01  277.86  270.83
 248   337.509 57114.40747472 51.87  21.287447   2.065872 24.244  275.01  277.86  270.83
 248   337.402 57114.40747531 51.28  21.288340   2.068374 11.821  275.01  277.86  270.83
 248   337.544 57114.40747590 48.58  21.289233   2.070876 12.891  275.01  277.86  270.83
 249   338.315 57124.32312055 31.60  21.286918   2.063531 30.852  267.88  271.84  266.48
 249   338.375 57124.32312114 28.04  21.287811   2.066033 16.803  267.88  271.84  266.48
 249   338.308 57124.32312173 28.52  21.288704   2.068534 19.660  267.88  271.84  266.48
 249   338.372 57124.32312232 33.14  21.289597   2.071036   -100  267.88  271.84  266.48
 250   338.610 57134.23876124 51.26  21.287154   2.062948   -100  264.38  268.34  260.83
 250   338.424 57134.23876183 53.51  21.288047   2.065449 25.477  264.38  268.34  260.83
 250   338.598 57134.23876242 54.18  21.288940   2.067951  1.578  264.38  268.34  260.83
 250   338.435 57134.23876301 54.52  21.289834   2.070453 32.383  264.38  268.34  260.83
