#  339.000  -5.504  10.500 ;Mean Elev.(m), Avg Gradient(m/km), RMS Gradient(m/km) - SRTM1     
#  333.368  -4.216  10.585 ;Mean Elev.(m), Avg Gradient(m/km), RMS Gradient(m/km) - ASTER GDEM
#  341.399  -6.543  11.215 ;Mean Elev.(m), Avg Gradient(m/km), RMS Gradient(m/km) - GMTED2010 
   2   337.662 54671.68390053 36.76  21.222831   2.105730 15.218 -100.00 -100.00 -100.00
   2   336.854 54671.68390112 40.79  21.223724   2.103228 30.634 -100.00 -100.00 -100.00
   3   302.293 54681.59954402 13.95  21.221712   2.105384  2.355 -100.00 -100.00 -100.00
   3   303.670 54681.59954461 13.76  21.222606   2.102882  2.553 -100.00 -100.00 -100.00
   4   337.319 54691.51518633 37.81  21.222665   2.107069 23.061 -100.00 -100.00 -100.00
   4   337.816 54691.51518692 40.73  21.223558   2.104568 21.924 -100.00 -100.00 -100.00
   5   306.451 54701.43082696 13.99  21.226127   2.107497  2.226 -100.00 -100.00 -100.00
   5   309.450 54701.43082755 14.44  21.227021   2.104996  2.267 -100.00 -100.00 -100.00
   7   328.122 54721.26212577 22.48  21.223945   2.106495 19.045 -100.00 -100.00 -100.00
   7   328.661 54721.26212636 23.74  21.224838   2.103993 18.465 -100.00 -100.00 -100.00
   8   337.537 54731.17777455 39.70  21.220205   2.104298 27.430 -100.00 -100.00 -100.00
   8   338.234 54731.17777514 45.97  21.221098   2.101797 22.437 -100.00 -100.00 -100.00
   9   338.698 54741.09342139 40.84  21.217129   2.102967 15.334 -100.00 -100.00 -100.00
   9   337.982 54741.09342198 45.77  21.218022   2.100465 29.493 -100.00 -100.00 -100.00
  10   337.704 54751.00906765 36.77  21.215792   2.103830 22.266 -100.00 -100.00 -100.00
  10   337.324 54751.00906824 40.93  21.216685   2.101328   -100 -100.00 -100.00 -100.00
  10   337.193 54751.00906883 46.16  21.217578   2.098827 13.947 -100.00 -100.00 -100.00
  11   339.019 54760.92471395 38.76  21.216239   2.104030 14.020 -100.00 -100.00 -100.00
  11   338.310 54760.92471454 43.73  21.217133   2.101529 25.506 -100.00 -100.00 -100.00
  11   337.788 54760.92471513 47.55  21.218026   2.099027   -100 -100.00 -100.00 -100.00
  12   339.085 54770.84035785 39.60  21.217549   2.104464 17.766 -100.00 -100.00 -100.00
  12   338.512 54770.84035844 43.75  21.218443   2.101963   -100 -100.00 -100.00 -100.00
  12   338.108 54770.84035903 49.19  21.219336   2.099461 15.806 -100.00 -100.00 -100.00
  13   338.170 54780.75599847 39.56  21.218685   2.105557   -100 -100.00 -100.00 -100.00
  13   338.574 54780.75599906 44.95  21.219578   2.103056 31.244 -100.00 -100.00 -100.00
  13   338.248 54780.75599965 54.30  21.220471   2.100554 25.813 -100.00 -100.00 -100.00
  14   339.780 54790.67163709 41.66  21.220130   2.105102 21.044 -100.00 -100.00 -100.00
  14   339.023 54790.67163768 47.67  21.221024   2.102601   -100 -100.00 -100.00 -100.00
  17   338.448 54820.41855282 38.58  21.224646   2.107419 25.486 -100.00 -100.00 -100.00
  17   338.370 54820.41855341 42.59  21.225539   2.104917   -100 -100.00 -100.00 -100.00
  18   337.788 54830.33420556 30.30  21.222817   2.107420 22.855 -100.00 -100.00 -100.00
  18   337.738 54830.33420615 31.78  21.223710   2.104918 25.968 -100.00 -100.00 -100.00
  19   337.254 54840.24984494 37.82  21.220117   2.106196 27.525 -100.00 -100.00 -100.00
  19   337.777 54840.24984553 43.72  21.221010   2.103695   -100 -100.00 -100.00 -100.00
  20   337.779 54850.16549447 36.73  21.216885   2.104138 21.156 -100.00 -100.00 -100.00
  20   337.346 54850.16549506 42.84  21.217778   2.101636   -100 -100.00 -100.00 -100.00
  20   337.457 54850.16549565 46.89  21.218671   2.099135   -100 -100.00 -100.00 -100.00
  21   338.036 54860.08114342 40.93  21.214954   2.102155 20.880 -100.00 -100.00 -100.00
  21   337.476 54860.08114401 51.94  21.215847   2.099654  4.701 -100.00 -100.00 -100.00
  22   337.885 54869.99679193 39.92  21.214065   2.102209 23.658 -100.00 -100.00 -100.00
  22   337.897 54869.99679252 51.27  21.214958   2.099708   -100 -100.00 -100.00 -100.00
  23   338.106 54879.91243893 37.85  21.214418   2.103720 23.307 -100.00 -100.00 -100.00
  23   338.184 54879.91243952 41.86  21.215311   2.101219 28.597 -100.00 -100.00 -100.00
  23   337.908 54879.91244011 52.94  21.216204   2.098718  3.698 -100.00 -100.00 -100.00
  24   337.864 54889.82808340 39.59  21.216495   2.102525 28.204 -100.00 -100.00 -100.00
  24   337.253 54889.82808399 45.19  21.217388   2.100024 13.368 -100.00 -100.00 -100.00
  25   338.233 54899.74372394 38.75  21.215734   2.104122 21.064 -100.00 -100.00 -100.00
  25   338.554 54899.74372453 42.90  21.216627   2.101621 18.744 -100.00 -100.00 -100.00
  25   337.894 54899.74372512 48.74  21.217520   2.099120   -100 -100.00 -100.00 -100.00
  26   337.160 54909.65936305 39.71  21.214775   2.102957   -100 -100.00 -100.00 -100.00
  26   338.025 54909.65936364 45.82  21.215668   2.100456 24.684 -100.00 -100.00 -100.00
  26   337.249 54909.65936423 55.34  21.216561   2.097954 17.236 -100.00 -100.00 -100.00
  27   337.232 54919.57500121 24.89  21.214960   2.101836  8.638 -100.00 -100.00 -100.00
  27   337.220 54919.57500180 23.94  21.215853   2.099334  6.520 -100.00 -100.00 -100.00
  28   337.776 54929.49063890 39.87  21.216749   2.103159 25.051 -100.00 -100.00 -100.00
  28   337.480 54929.49063949 51.29  21.217642   2.100658   -100 -100.00 -100.00 -100.00
  29   337.541 54939.40627575 36.00  21.220172   2.105041 24.253 -100.00 -100.00 -100.00
  29   337.940 54939.40627634 39.77  21.221065   2.102540 25.957 -100.00 -100.00 -100.00
  30   337.743 54949.32191108 38.90  21.223827   2.106351 29.059 -100.00 -100.00 -100.00
  30   338.211 54949.32191167 45.99  21.224721   2.103849   -100 -100.00 -100.00 -100.00
  31   338.422 54959.23754918 38.54  21.225293   2.107275 22.244 -100.00 -100.00 -100.00
  31   338.287 54959.23754978 45.22  21.226186   2.104774 29.001 -100.00 -100.00 -100.00
  32   337.892 54969.15319760 38.77  21.222836   2.107141   -100 -100.00 -100.00 -100.00
  32   338.722 54969.15319819 42.81  21.223729   2.104640 22.551 -100.00 -100.00 -100.00
  33   339.153 54979.06884474 39.85  21.221307   2.106465 19.114 -100.00 -100.00 -100.00
  33   338.786 54979.06884533 43.95  21.222201   2.103964 27.220 -100.00 -100.00 -100.00
  34   413.294 54988.98449180 15.62  21.220714   2.105081  6.347 -100.00 -100.00 -100.00
  34   409.638 54988.98449239 21.75  21.221607   2.102579  9.220 -100.00 -100.00 -100.00
  35   338.410 54998.90013830 37.77  21.219780   2.106292 15.382 -100.00 -100.00 -100.00
  35   337.989 54998.90013889 42.92  21.220673   2.103790 23.732 -100.00 -100.00 -100.00
  36   337.418 55008.81578351 17.13  21.219802   2.105250  9.318 -100.00 -100.00 -100.00
  36   337.212 55008.81578410 16.25  21.220695   2.102749  9.006 -100.00 -100.00 -100.00
  37   337.641 55018.73142685 39.67  21.219806   2.104825 25.777 -100.00 -100.00 -100.00
  37   337.507 55018.73142744 46.04  21.220700   2.102323   -100 -100.00 -100.00 -100.00
  38   337.507 55028.64706879 37.92  21.219119   2.105278 17.980 -100.00 -100.00 -100.00
  38   337.120 55028.64706938 42.94  21.220012   2.102777 32.660 -100.00 -100.00 -100.00
  38   337.193 55028.64706997 48.01  21.220905   2.100276   -100 -100.00 -100.00 -100.00
  39   336.905 55038.56271078 26.88  21.219298   2.104173 27.721 -100.00 -100.00 -100.00
  39   337.246 55038.56271137 22.08  21.220191   2.101672 14.790 -100.00 -100.00 -100.00
  40   336.420 55048.47835160 23.73  21.220920   2.104755 18.761 -100.00 -100.00 -100.00
  40   336.370 55048.47835219 22.94  21.221813   2.102253 16.522 -100.00 -100.00 -100.00
  42   337.265 55068.30962899 35.81  21.225061   2.107903 17.652 -100.00 -100.00 -100.00
  42   337.523 55068.30962958 37.56  21.225955   2.105401 18.065 -100.00 -100.00 -100.00
  43   338.129 55078.22527945 38.78  21.222734   2.105718 15.475 -100.00 -100.00 -100.00
  43   337.245 55078.22528004 43.07  21.223627   2.103216 31.708 -100.00 -100.00 -100.00
  44   337.774 55088.14092723 38.72  21.219381   2.103806 19.102 -100.00 -100.00 -100.00
  44   337.359 55088.14092782 45.05  21.220274   2.101304 32.461 -100.00 -100.00 -100.00
  45   336.972 55098.05657305 38.98  21.216740   2.103332 28.986 -100.00 -100.00 -100.00
  45   337.702 55098.05657364 45.02  21.217634   2.100830 31.391 -100.00 -100.00 -100.00
  46   337.376 55107.97221833 37.93  21.216428   2.103278 27.091 -100.00 -100.00 -100.00
  46   337.780 55107.97221892 50.28  21.217321   2.100776   -100 -100.00 -100.00 -100.00
  47   337.328 55117.88786287 41.03  21.217846   2.103221   -100 -100.00 -100.00 -100.00
  47   337.644 55117.88786346 52.25  21.218739   2.100719   -100 -100.00 -100.00 -100.00
  48   337.986 55127.80350450 37.93  21.218408   2.105726 21.053 -100.00 -100.00 -100.00
  48   338.270 55127.80350509 42.12  21.219301   2.103224 28.284 -100.00 -100.00 -100.00
  48   337.865 55127.80350568 53.19  21.220194   2.100723 12.895 -100.00 -100.00 -100.00
  49   339.042 55137.71914485 39.79  21.219403   2.104537 16.283 -100.00 -100.00 -100.00
  49   337.949 55137.71914544 45.96  21.220297   2.102035   -100 -100.00 -100.00 -100.00
  50   338.559 55147.63478343 39.84  21.219768   2.104735 22.923 -100.00 -100.00 -100.00
  50   338.256 55147.63478402 51.92  21.220661   2.102233   -100 -100.00 -100.00 -100.00
  51   339.132 55157.55042187 41.91  21.221161   2.104711 22.586 -100.00 -100.00 -100.00
  51   338.435 55157.55042246 46.91  21.222055   2.102209   -100 -100.00 -100.00 -100.00
  52   339.166 55167.46606006 41.74  21.222621   2.106340 26.195 -100.00 -100.00 -100.00
  52   339.093 55167.46606066 46.07  21.223514   2.103839   -100 -100.00 -100.00 -100.00
  53   339.192 55177.38169796 39.82  21.224497   2.107530 21.198 -100.00 -100.00 -100.00
  53   338.634 55177.38169855 45.16  21.225390   2.105029   -100 -100.00 -100.00 -100.00
  54   339.092 55187.29734257 40.96  21.224715   2.106482 22.647 -100.00 -100.00 -100.00
  54   338.748 55187.29734316 45.81  21.225609   2.103980   -100 -100.00 -100.00 -100.00
  55   339.579 55197.21299388 40.98  21.221389   2.105577 17.158 -100.00 -100.00 -100.00
  55   338.811 55197.21299447 44.82  21.222282   2.103076   -100 -100.00 -100.00 -100.00
  56   338.714 55207.12864397 41.02  21.218418   2.104177 23.863 -100.00 -100.00 -100.00
  56   338.379 55207.12864456 52.33  21.219311   2.101676   -100 -100.00 -100.00 -100.00
  57   338.773 55217.04429339 42.96  21.217143   2.102910 23.992 -100.00 -100.00 -100.00
  57   338.203 55217.04429398 52.03  21.218036   2.100408 10.393 -100.00 -100.00 -100.00
  58   338.495 55226.95994167 41.99  21.216320   2.103176 23.509 -100.00 -100.00 -100.00
  58   338.251 55226.95994226 46.99  21.217213   2.100675   -100 -100.00 -100.00 -100.00
  59   337.551 55236.87558738 30.75  21.216418   2.103195 28.730 -100.00 -100.00 -100.00
  59   337.481 55236.87558797 33.01  21.217311   2.100694   -100 -100.00 -100.00 -100.00
  60   337.865 55246.79122943 29.63  21.216633   2.104049 19.198 -100.00 -100.00 -100.00
  60   337.607 55246.79123002 29.02  21.217526   2.101547 18.928 -100.00 -100.00 -100.00
  60   337.606 55246.79123061 26.60  21.218419   2.099046 12.228 -100.00 -100.00 -100.00
  61   337.911 55256.70686953 25.42  21.216663   2.102409 15.198 -100.00 -100.00 -100.00
  61   337.740 55256.70687012 23.51  21.217556   2.099908 12.156 -100.00 -100.00 -100.00
  62   338.828 55266.62250831 41.00  21.215844   2.102890 22.867 -100.00 -100.00 -100.00
  62   338.525 55266.62250890 47.10  21.216738   2.100389   -100 -100.00 -100.00 -100.00
  63   338.627 55276.53814691 41.82  21.216506   2.102803 27.629 -100.00 -100.00 -100.00
  63   338.831 55276.53814750 47.04  21.217399   2.100302 28.996 -100.00 -100.00 -100.00
  64   338.753 55286.45378416 39.78  21.218375   2.105510 23.574 -100.00 -100.00 -100.00
  64   338.940 55286.45378475 44.04  21.219269   2.103008 23.927 -100.00 -100.00 -100.00
  64   338.553 55286.45378534 48.96  21.220162   2.100507   -100 -100.00 -100.00 -100.00
  65   338.905 55296.36942006 41.84  21.222687   2.105343   -100 -100.00 -100.00 -100.00
  65   339.013 55296.36942065 46.03  21.223580   2.102842   -100 -100.00 -100.00 -100.00
  66   339.055 55306.28506056 40.02  21.223353   2.106905 24.184 -100.00 -100.00 -100.00
  66   338.906 55306.28506115 42.96  21.224246   2.104404 32.415 -100.00 -100.00 -100.00
  67   338.632 55316.20070796 41.92  21.221509   2.104754 30.172 -100.00 -100.00 -100.00
  67   338.502 55316.20070855 47.36  21.222403   2.102253   -100 -100.00 -100.00 -100.00
  68   338.040 55326.11635330 40.04  21.219646   2.104412 32.369 -100.00 -100.00 -100.00
  68   338.361 55326.11635389 46.17  21.220539   2.101911   -100 -100.00 -100.00 -100.00
  69   339.665 55336.03199695 40.01  21.218838   2.105893 15.047 -100.00 -100.00 -100.00
  69   338.409 55336.03199754 45.07  21.219732   2.103392   -100 -100.00 -100.00 -100.00
  69   338.538 55336.03199813 50.41  21.220625   2.100891   -100 -100.00 -100.00 -100.00
  70   339.009 55345.94764087 43.00  21.220194   2.104011 20.513 -100.00 -100.00 -100.00
  70   338.165 55345.94764146 49.20  21.221087   2.101510   -100 -100.00 -100.00 -100.00
  71   337.694 55355.86328250 38.23  21.219987   2.106528 26.693 -100.00 -100.00 -100.00
  71   338.458 55355.86328309 42.02  21.220881   2.104026 20.416 -100.00 -100.00 -100.00
  72   338.891 55365.77892289 38.12  21.220584   2.105704 14.176 -100.00 -100.00 -100.00
  72   338.418 55365.77892348 43.19  21.221477   2.103202 22.272 -100.00 -100.00 -100.00
  73   338.118 55375.69456197 43.19  21.221558   2.104519 25.510 -100.00 -100.00 -100.00
  73   337.456 55375.69456256 54.50  21.222451   2.102018 31.610 -100.00 -100.00 -100.00
  74   337.498 55385.61019973 43.08  21.222535   2.106003 30.746 -100.00 -100.00 -100.00
  74   337.285 55385.61020032 46.52  21.223428   2.103501   -100 -100.00 -100.00 -100.00
  75   338.467 55395.52583693 38.17  21.224298   2.107190 14.952 -100.00 -100.00 -100.00
  75   338.102 55395.52583752 42.10  21.225192   2.104688 22.425 -100.00 -100.00 -100.00
  76   337.923 55405.44147727 38.99  21.226348   2.107869 19.446 -100.00 -100.00 -100.00
  76   337.940 55405.44147786 43.85  21.227241   2.105368 25.715 -100.00 -100.00 -100.00
  79   337.453 55435.18842314 40.04  21.219934   2.104008 22.644 -100.00 -100.00 -100.00
  79   337.168 55435.18842373 47.26  21.220828   2.101506   -100 -100.00 -100.00 -100.00
  80   337.061 55445.10406683 39.13  21.217822   2.104602 23.895 -100.00 -100.00 -100.00
  80   337.911 55445.10406742 43.13  21.218715   2.102100 19.045 -100.00 -100.00 -100.00
  80   337.123 55445.10406801 50.37  21.219609   2.099599   -100 -100.00 -100.00 -100.00
  81   337.352 55455.01970964 38.22  21.217438   2.104531 29.537 -100.00 -100.00 -100.00
  81   338.619 55455.01971023 43.16  21.218332   2.102030 17.462 -100.00 -100.00 -100.00
  81   337.371 55455.01971082 51.43  21.219225   2.099528 31.859 -100.00 -100.00 -100.00
  82   337.338 55464.93535194 35.93  21.219170   2.103766 25.752 -100.00 -100.00 -100.00
  82   337.342 55464.93535253 38.93  21.220063   2.101265   -100 -100.00 -100.00 -100.00
  83   338.769 55474.85099063 36.35  21.220838   2.106956 13.432 -100.00 -100.00 -100.00
  83   338.314 55474.85099122 41.07  21.221732   2.104454 19.792 -100.00 -100.00 -100.00
  87   338.304 55514.51354500 40.01  21.223438   2.107352 26.324 -100.00 -100.00 -100.00
  87   337.967 55514.51354559 44.28  21.224332   2.104850   -100 -100.00 -100.00 -100.00
  88   338.404 55524.42919508 39.16  21.222499   2.107264 22.932 -100.00 -100.00 -100.00
  88   338.772 55524.42919567 44.31  21.223392   2.104763 20.921 -100.00 -100.00 -100.00
  89   339.153 55534.34484352 40.07  21.221540   2.106396 16.333 -100.00 -100.00 -100.00
  89   338.119 55534.34484411 45.45  21.222434   2.103894   -100 -100.00 -100.00 -100.00
  90   337.610 55544.26048990 37.26  21.219786   2.105889 27.952 -100.00 -100.00 -100.00
  90   338.202 55544.26049049 43.28  21.220679   2.103388 25.711 -100.00 -100.00 -100.00
  91   338.391 55554.17613455 40.18  21.218461   2.103938 23.375 -100.00 -100.00 -100.00
  91   338.061 55554.17613514 51.61  21.219354   2.101437   -100 -100.00 -100.00 -100.00
  92   337.868 55564.09177732 37.23  21.217154   2.104995 19.886 -100.00 -100.00 -100.00
  92   337.956 55564.09177791 43.23  21.218047   2.102494   -100 -100.00 -100.00 -100.00
  92   337.582 55564.09177850 53.54  21.218941   2.099992 23.949 -100.00 -100.00 -100.00
  93   337.864 55574.00741954 36.55  21.218390   2.105888 22.151 -100.00 -100.00 -100.00
  93   338.000 55574.00742013 41.06  21.219283   2.103387 29.049 -100.00 -100.00 -100.00
  93   337.664 55574.00742072 52.53  21.220176   2.100886 19.888 -100.00 -100.00 -100.00
  94   337.750 55583.92306054 39.21  21.220990   2.105427 22.577 -100.00 -100.00 -100.00
  94   337.910 55583.92306113 45.39  21.221883   2.102926 26.368 -100.00 -100.00 -100.00
  95   338.386 55593.83869778 38.25  21.222953   2.106364 17.532 -100.00 -100.00 -100.00
  95   337.367 55593.83869837 49.53  21.223846   2.103862  8.197 -100.00 -100.00 -100.00
  98   336.914 55623.58560127 16.14  21.226308   2.107844  5.217 -100.00 -100.00 -100.00
  98   336.918 55623.58560186 16.97  21.227201   2.105343  5.820 -100.00 -100.00 -100.00
  99   337.932 55633.50125446 38.13  21.223705   2.106770 19.608 -100.00 -100.00 -100.00
  99   337.431 55633.50125505 44.27  21.224598   2.104269   -100 -100.00 -100.00 -100.00
 100   337.162 55643.41690541 37.32  21.222474   2.106566 25.719 -100.00 -100.00 -100.00
 100   336.991 55643.41690600 42.46  21.223367   2.104064 23.966 -100.00 -100.00 -100.00
 101   336.758 55653.33255371 38.26  21.222101   2.105707 25.126 -100.00 -100.00 -100.00
 101   337.611 55653.33255431 44.15  21.222995   2.103206 26.591 -100.00 -100.00 -100.00
 102   338.218 55663.24819740 38.20  21.221270   2.105555 15.377 -100.00 -100.00 -100.00
 102   337.299 55663.24819799 42.26  21.222163   2.103054   -100 -100.00 -100.00 -100.00
 103   336.871 55673.16383754 35.59  21.219689   2.106471 26.264 -100.00 -100.00 -100.00
 103   338.107 55673.16383813 40.26  21.220582   2.103970 16.770 -100.00 -100.00 -100.00
 103   337.257 55673.16383872 51.57  21.221476   2.101469   -100 -100.00 -100.00 -100.00
 104   336.813 55683.07947640 38.19  21.219922   2.105381 29.657 -100.00 -100.00 -100.00
 104   337.004 55683.07947699 49.49  21.220816   2.102880  6.731 -100.00 -100.00 -100.00
 105   337.536 55692.99511342 38.22  21.222161   2.106092 24.623 -100.00 -100.00 -100.00
 105   337.480 55692.99511402 43.53  21.223054   2.103591 31.189 -100.00 -100.00 -100.00
 106   337.514 55702.91074864 38.20  21.225513   2.108008 24.283 -100.00 -100.00 -100.00
 106   337.948 55702.91074923 42.42  21.226406   2.105506 19.589 -100.00 -100.00 -100.00
 107   337.883 55712.82639212 38.37  21.226616   2.107663 18.753 -100.00 -100.00 -100.00
 107   337.520 55712.82639271 44.56  21.227509   2.105162 28.439 -100.00 -100.00 -100.00
 109   337.702 55732.65768814 40.11  21.221559   2.104685 19.317 -100.00 -100.00 -100.00
 109   336.645 55732.65768873 51.76  21.222452   2.102184   -100 -100.00 -100.00 -100.00
 110   336.877 55742.57333392 40.05  21.219863   2.104958 27.997 -100.00 -100.00 -100.00
 110   337.001 55742.57333451 45.53  21.220756   2.102456   -100 -100.00 -100.00 -100.00
 111   337.311 55752.48897892 23.40  21.220114   2.104462 10.170 -100.00 -100.00 -100.00
 111   337.005 55752.48897951 25.73  21.221008   2.101961 14.583 -100.00 -100.00 -100.00
 112   337.123 55762.40462168 22.11  21.221775   2.104861 13.065 -100.00 -100.00 -100.00
 112   336.441 55762.40462227 26.82  21.222668   2.102359 24.688 -100.00 -100.00 -100.00
 113   336.834 55772.32026146 39.20  21.223003   2.105878 24.608 -100.00 -100.00 -100.00
 113   336.955 55772.32026205 44.13  21.223897   2.103377 27.836 -100.00 -100.00 -100.00
 114   336.501 55782.23589768 37.25  21.223267   2.106762 31.171 -100.00 -100.00 -100.00
 114   337.728 55782.23589828 41.31  21.224160   2.104260 17.210 -100.00 -100.00 -100.00
 116   337.574 55802.06716430 37.44  21.226312   2.108438 20.093 -100.00 -100.00 -100.00
 116   336.978 55802.06716489 40.36  21.227205   2.105937 30.366 -100.00 -100.00 -100.00
 117   337.921 55811.98281397 37.46  21.225169   2.107513 19.945 -100.00 -100.00 -100.00
 117   338.462 55811.98281456 43.40  21.226062   2.105011 18.040 -100.00 -100.00 -100.00
 118   338.036 55821.89846192 37.49  21.225129   2.107384 17.746 -100.00 -100.00 -100.00
 118   338.165 55821.89846251 43.34  21.226023   2.104883 21.459 -100.00 -100.00 -100.00
 119   338.403 55831.81410524 41.45  21.226116   2.106948 26.490 -100.00 -100.00 -100.00
 119   338.015 55831.81410583 47.41  21.227010   2.104447   -100 -100.00 -100.00 -100.00
 120   338.453 55841.72974377 40.27  21.226433   2.107826 23.749 -100.00 -100.00 -100.00
 120   338.518 55841.72974436 44.23  21.227326   2.105325 26.238 -100.00 -100.00 -100.00
 121   339.009 55851.64537969 41.36  21.226596   2.107818 22.887 -100.00 -100.00 -100.00
 121   339.020 55851.64538028 45.58  21.227489   2.105316 27.304 -100.00 -100.00 -100.00
 123   338.469 55871.47666778 40.41  21.224279   2.107573 25.304 -100.00 -100.00 -100.00
 123   338.628 55871.47666837 43.56  21.225172   2.105072 27.525 -100.00 -100.00 -100.00
 133   337.527 55970.63310905 39.46  21.220279   2.104999 24.002 -100.00 -100.00 -100.00
 133   337.780 55970.63310965 44.30  21.221172   2.102498 24.250 -100.00 -100.00 -100.00
 134   337.137 55980.54874547 19.38  21.221528   2.106637 11.417 -100.00 -100.00 -100.00
 134   337.008 55980.54874606 22.92  21.222421   2.104136 19.717 -100.00 -100.00 -100.00
 135   337.900 55990.46438144 38.33  21.225203   2.107167 19.467 -100.00 -100.00 -100.00
 135   337.775 55990.46438203 44.54  21.226096   2.104666 22.995 -100.00 -100.00 -100.00
 136   337.833 56000.38002639 37.57  21.225589   2.108138 17.212 -100.00 -100.00 -100.00
 136   336.985 56000.38002698 41.63  21.226482   2.105637 29.197 -100.00 -100.00 -100.00
 137   337.002 56010.29567772 38.38  21.223707   2.106352 30.864 -100.00 -100.00 -100.00
 137   337.277 56010.29567831 42.51  21.224600   2.103851   -100 -100.00 -100.00 -100.00
 138   338.036 56020.21132471 38.39  21.221442   2.105431 16.002 -100.00 -100.00 -100.00
 138   337.317 56020.21132530 44.55  21.222335   2.102930   -100 -100.00 -100.00 -100.00
 139   337.725 56030.12696840 38.46  21.219434   2.104462 17.967 -100.00 -100.00 -100.00
 139   337.270 56030.12696899 43.46  21.220327   2.101961 30.430 -100.00 -100.00 -100.00
 141   337.961 56049.95824896 39.49  21.220442   2.105080 21.616 -100.00 -100.00 -100.00
 141   337.830 56049.95824955 44.37  21.221336   2.102579 29.261 -100.00 -100.00 -100.00
 142   338.008 56059.87388516 37.47  21.223239   2.107283 17.199 -100.00 -100.00 -100.00
 142   337.748 56059.87388575 42.48  21.224132   2.104782 23.813 -100.00 -100.00 -100.00
 144   338.201 56079.70517079 37.45  21.223916   2.107859 20.023 -100.00 -100.00 -100.00
 144   337.829 56079.70517138 41.44  21.224809   2.105357 30.303 -100.00 -100.00 -100.00
 145   337.375 56089.62081911 39.63  21.221484   2.105443 22.965 -100.00 -100.00 -100.00
 145   337.515 56089.62081971 44.76  21.222378   2.102942 30.109 -100.00 -100.00 -100.00
 146   337.625 56099.53646489 40.44  21.220240   2.104730 20.858 -100.00 -100.00 -100.00
 146   337.363 56099.53646548 44.47  21.221133   2.102228 25.831 -100.00 -100.00 -100.00
 147   336.789 56109.45209674 39.56  21.220418   2.105253   -100 -100.00 -100.00 -100.00
 147   337.551 56109.45209733 45.74  21.221311   2.102752 26.720 -100.00 -100.00 -100.00
 148   337.139 56119.36773752 40.35  21.222492   2.105115 29.176 -100.00 -100.00 -100.00
 148   337.172 56119.36773811 46.76  21.223385   2.102614   -100 -100.00 -100.00 -100.00
 151   383.927 56149.11465669 18.07  21.223425   2.105802 11.413 -100.00 -100.00 -100.00
 151   384.600 56149.11465728 23.59  21.224318   2.103301 11.905 -100.00 -100.00 -100.00
 152   338.198 56159.03030532 40.50  21.221788   2.105061 18.006 -100.00 -100.00 -100.00
 152   336.992 56159.03030591 51.95  21.222682   2.102559 21.943 -100.00 -100.00 -100.00
 153   338.361 56168.94595223 38.50  21.221258   2.106546 16.451 -100.00 -100.00 -100.00
 153   337.585 56168.94595283 42.55  21.222151   2.104045   -100 -100.00 -100.00 -100.00
 154   337.355 56178.86159642 34.74  21.222280   2.106252 21.969 -100.00 -100.00 -100.00
 154   337.409 56178.86159701 36.81  21.223174   2.103750 25.877 -100.00 -100.00 -100.00
 155   337.944 56188.77723629 35.45  21.223329   2.105967 27.754 -100.00 -100.00 -100.00
 155   338.198 56188.77723688 38.59  21.224222   2.103466 27.054 -100.00 -100.00 -100.00
 156   338.640 56198.69287256 39.71  21.223401   2.107574 20.292 -100.00 -100.00 -100.00
 156   338.398 56198.69287315 44.52  21.224294   2.105073 30.183 -100.00 -100.00 -100.00
 157   337.716 56208.60850699 25.04  21.225176   2.106998 16.371 -100.00 -100.00 -100.00
 157   337.793 56208.60850758 26.20  21.226069   2.104497 19.413 -100.00 -100.00 -100.00
 161   339.383 56248.27109120 42.64  21.223273   2.105998 24.279 -100.00 -100.00 -100.00
 161   338.758 56248.27109179 47.84  21.224167   2.103496   -100 -100.00 -100.00 -100.00
 162   339.549 56258.18673686 42.58  21.222137   2.105374 22.176 -100.00 -100.00 -100.00
 162   338.903 56258.18673745 46.61  21.223031   2.102872   -100 -100.00 -100.00 -100.00
 163   339.107 56268.10237878 41.73  21.221192   2.106630 25.518 -100.00 -100.00 -100.00
 163   338.787 56268.10237937 45.98  21.222085   2.104129   -100 -100.00 -100.00 -100.00
 164   339.308 56278.01801923 41.61  21.221582   2.106482 25.794 -100.00 -100.00 -100.00
 164   339.381 56278.01801982 44.46  21.222475   2.103981 29.895 -100.00 -100.00 -100.00
 165   339.212 56287.93366780 41.60  21.220408   2.106173 31.056 -100.00 -100.00 -100.00
 165   339.366 56287.93366839 45.80  21.221301   2.103672   -100 -100.00 -100.00 -100.00
 166   339.238 56297.84931667 41.72  21.219650   2.105757 27.022 -100.00 -100.00 -100.00
 166   339.112 56297.84931726 45.86  21.220543   2.103256   -100 -100.00 -100.00 -100.00
 167   338.536 56307.76496194 42.56  21.219567   2.103991   -100 -100.00 -100.00 -100.00
 167   338.455 56307.76496253 46.96  21.220460   2.101490   -100 -100.00 -100.00 -100.00
 168   338.319 56317.68060392 39.42  21.218267   2.105755 25.757 -100.00 -100.00 -100.00
 168   338.109 56317.68060451 44.66  21.219160   2.103254   -100 -100.00 -100.00 -100.00
 168   338.259 56317.68060510 48.81  21.220054   2.100753   -100 -100.00 -100.00 -100.00
 169   337.656 56327.59624574 27.70  21.218726   2.103796 19.112 -100.00 -100.00 -100.00
 169   337.386 56327.59624633 30.28  21.219619   2.101295 28.740 -100.00 -100.00 -100.00
 170   338.324 56337.51188615 39.72  21.219868   2.105068 21.921 -100.00 -100.00 -100.00
 170   338.376 56337.51188674 45.94  21.220761   2.102567 27.634 -100.00 -100.00 -100.00
 171   338.431 56347.42752489 39.49  21.222313   2.107091 26.230 -100.00 -100.00 -100.00
 171   338.241 56347.42752548 43.71  21.223206   2.104590   -100 -100.00 -100.00 -100.00
 173   338.653 56367.25881087 40.71  21.222912   2.105538 18.592 -100.00 -100.00 -100.00
 173   337.859 56367.25881146 45.71  21.223805   2.103037   -100 -100.00 -100.00 -100.00
 176   338.229 56397.00574836 36.55  21.218177   2.103699   -100 -100.00 -100.00 -100.00
 176   338.106 56397.00574895 41.99  21.219070   2.101198   -100 -100.00 -100.00 -100.00
 177   338.919 56406.92138900 40.65  21.219800   2.105133 20.836 -100.00 -100.00 -100.00
 177   339.148 56406.92138959 44.72  21.220693   2.102632 21.781 -100.00 -100.00 -100.00
 178   339.101 56416.83702610 41.67  21.222491   2.105986 25.794 -100.00 -100.00 -100.00
 178   338.736 56416.83702669 47.09  21.223384   2.103485   -100 -100.00 -100.00 -100.00
 179   339.325 56426.75265826 40.57  21.225621   2.108210 20.372 -100.00 -100.00 -100.00
 179   338.876 56426.75265885 44.76  21.226514   2.105709   -100 -100.00 -100.00 -100.00
 180   339.177 56436.66830929 41.74  21.222923   2.106143 22.005 -100.00 -100.00 -100.00
 180   338.835 56436.66830988 46.07  21.223817   2.103642 32.245 -100.00 -100.00 -100.00
 181   337.608 56446.58396046 26.60  21.219130   2.106277 19.285 -100.00 -100.00 -100.00
 181   337.229 56446.58396105 29.78  21.220023   2.103775 31.874 -100.00 -100.00 -100.00
 181   337.236 56446.58396164 27.11  21.220916   2.101274 22.263 -100.00 -100.00 -100.00
 182   337.729 56456.49961046 41.86  21.218601   2.103186 24.231 -100.00 -100.00 -100.00
 182   337.313 56456.49961105 47.06  21.219495   2.100685   -100 -100.00 -100.00 -100.00
 183   337.660 56466.41525633 38.79  21.217421   2.105348 18.471 -100.00 -100.00 -100.00
 183   337.268 56466.41525692 41.73  21.218314   2.102846 28.669 -100.00 -100.00 -100.00
 183   337.131 56466.41525751 47.01  21.219207   2.100345   -100 -100.00 -100.00 -100.00
 184   337.419 56476.33089885 36.19  21.218148   2.105327 16.937 -100.00 -100.00 -100.00
 184   337.353 56476.33089944 40.92  21.219042   2.102825 25.332 -100.00 -100.00 -100.00
 184   336.833 56476.33090003 46.08  21.219935   2.100324  3.578 -100.00 -100.00 -100.00
 185   337.488 56486.24653784 38.66  21.219629   2.105299 25.241 -100.00 -100.00 -100.00
 185   337.696 56486.24653843 43.93  21.220522   2.102798 25.637 -100.00 -100.00 -100.00
 189   337.454 56525.90909499 40.85  21.226398   2.107168 26.494 -100.00 -100.00 -100.00
 189   337.924 56525.90909558 43.83  21.227291   2.104667 24.155 -100.00 -100.00 -100.00
 190   337.649 56535.82474494 36.67  21.224855   2.106656 27.077 -100.00 -100.00 -100.00
 190   337.458 56535.82474553 38.09  21.225748   2.104154   -100 -100.00 -100.00 -100.00
 192   338.215 56555.65603485 38.82  21.220393   2.105109 17.937 -100.00 -100.00 -100.00
 192   337.798 56555.65603544 42.66  21.221286   2.102607 29.548 -100.00 -100.00 -100.00
 193   338.117 56565.57167737 37.11  21.219642   2.105958 19.385 -100.00 -100.00 -100.00
 193   337.455 56565.57167796 40.54  21.220536   2.103457   -100 -100.00 -100.00 -100.00
 193   337.480 56565.57167855 45.03  21.221429   2.100955   -100 -100.00 -100.00 -100.00
 194   337.732 56575.48731909 38.04  21.221108   2.106318 31.968 -100.00 -100.00 -100.00
 194   338.250 56575.48731968 42.77  21.222001   2.103816 29.117 -100.00 -100.00 -100.00
 195   337.900 56585.40295795 37.26  21.224119   2.107201 27.444 -100.00 -100.00 -100.00
 195   337.894 56585.40295854 40.91  21.225013   2.104700   -100 -100.00 -100.00 -100.00
 197   338.928 56605.23424846 38.75  21.223264   2.106864 17.833 -100.00 -100.00 -100.00
 197   338.665 56605.23424905 43.88  21.224157   2.104362 21.903 -100.00 -100.00 -100.00
 198   338.717 56615.14989643 38.82  21.220382   2.106406 22.802 -100.00 -100.00 -100.00
 198   338.689 56615.14989702 43.98  21.221276   2.103905 27.220 -100.00 -100.00 -100.00
 199   338.818 56625.06554097 43.03  21.220437   2.104779 28.144 -100.00 -100.00 -100.00
 199   338.697 56625.06554156 46.84  21.221330   2.102278   -100 -100.00 -100.00 -100.00
 200   339.286 56634.98118210 41.84  21.221281   2.105639 25.571 -100.00 -100.00 -100.00
 200   339.004 56634.98118269 47.17  21.222174   2.103138   -100 -100.00 -100.00 -100.00
 201   338.981 56644.89681981 41.91  21.224203   2.106377 20.992 -100.00 -100.00 -100.00
 201   338.417 56644.89682040 46.88  21.225096   2.103875   -100 -100.00 -100.00 -100.00
 202   338.387 56654.81247200 38.78  21.221321   2.106880 20.632 -100.00 -100.00 -100.00
 202   338.778 56654.81247259 42.96  21.222214   2.104379 19.312 -100.00 -100.00 -100.00
 203   338.767 56664.72812048 38.85  21.219586   2.105456 16.444 -100.00 -100.00 -100.00
 203   338.138 56664.72812107 44.78  21.220479   2.102955 32.167 -100.00 -100.00 -100.00
 205   337.784 56684.55941146 37.77  21.217712   2.105243 24.965 -100.00 -100.00 -100.00
 205   337.788 56684.55941205 43.14  21.218605   2.102742 29.773 -100.00 -100.00 -100.00
 205   337.524 56684.55941264 48.27  21.219498   2.100241   -100 -100.00 -100.00 -100.00
 206   337.703 56694.47505496 31.86  21.219421   2.104781 25.592 -100.00 -100.00 -100.00
 206   337.691 56694.47505555 35.08  21.220314   2.102280   -100 -100.00 -100.00 -100.00
 207   338.036 56704.39069393 39.93  21.222597   2.105804 20.959 -100.00 -100.00 -100.00
 207   337.416 56704.39069452 46.38  21.223490   2.103303   -100 -100.00 -100.00 -100.00
 209   411.421 56724.22197851 17.72  21.221796   2.105177  6.034 -100.00 -100.00 -100.00
 209   407.451 56724.22197910 29.00  21.222689   2.102676 16.388 -100.00 -100.00 -100.00
 210   337.705 56734.13762890 34.69  21.217416   2.103828 30.160 -100.00 -100.00 -100.00
 210   337.554 56734.13762949 39.75  21.218309   2.101327   -100 -100.00 -100.00 -100.00
 211   338.090 56744.05327545 38.02  21.215509   2.104241 19.526 -100.00 -100.00 -100.00
 211   337.888 56744.05327604 42.12  21.216402   2.101740 27.332 -100.00 -100.00 -100.00
 211   337.706 56744.05327663 48.27  21.217295   2.099239   -100 -100.00 -100.00 -100.00
 212   337.761 56753.96891776 38.06  21.217470   2.105059 29.740 -100.00 -100.00 -100.00
 212   339.001 56753.96891835 43.99  21.218363   2.102558 17.305 -100.00 -100.00 -100.00
 212   337.743 56753.96891894 54.35  21.219256   2.100057 30.850 -100.00 -100.00 -100.00
 213   339.159 56763.88455443 39.00  21.221622   2.107098 16.342 -100.00 -100.00 -100.00
 213   338.473 56763.88455502 43.12  21.222515   2.104596 28.798 -100.00 -100.00 -100.00
 215   339.289 56783.71584578 40.88  21.220267   2.105486 18.773 -100.00 -100.00 -100.00
 215   338.784 56783.71584637 44.99  21.221160   2.102985   -100 -100.00 -100.00 -100.00
 216   338.922 56793.63149953 42.87  21.216320   2.102276 19.753 -100.00 -100.00 -100.00
 216   338.084 56793.63150012 48.35  21.217213   2.099775   -100 -100.00 -100.00 -100.00
 217   338.873 56803.54714993 43.94  21.213455   2.101917 23.375 -100.00 -100.00 -100.00
 217   338.146 56803.54715052 47.97  21.214348   2.099415   -100 -100.00 -100.00 -100.00
 218   338.149 56813.46279278 40.93  21.214464   2.103630 24.042 -100.00 -100.00 -100.00
 218   338.274 56813.46279337 45.13  21.215357   2.101129 27.548 -100.00 -100.00 -100.00
 218   337.752 56813.46279396 50.12  21.216251   2.098628   -100 -100.00 -100.00 -100.00
 219   338.010 56823.37843241 38.90  21.216782   2.104842 27.114 -100.00 -100.00 -100.00
 219   338.706 56823.37843300 43.03  21.217675   2.102340 19.321 -100.00 -100.00 -100.00
 219   337.730 56823.37843359 47.15  21.218568   2.099839   -100 -100.00 -100.00 -100.00
 220   410.968 56833.29406807 14.75  21.219740   2.105332  7.021 -100.00 -100.00 -100.00
 220   410.906 56833.29406866 19.78  21.220633   2.102831  7.634 -100.00 -100.00 -100.00
 222   337.551 56853.12534138 39.95  21.223181   2.106069 22.561 -100.00 -100.00 -100.00
 222   337.548 56853.12534197 44.06  21.224075   2.103568 24.118 -100.00 -100.00 -100.00
 223   337.781 56863.04099457 36.21  21.220000   2.106592 18.130 -100.00 -100.00 -100.00
 223   337.471 56863.04099516 40.81  21.220894   2.104091 30.332 -100.00 -100.00 -100.00
 223   338.005 56863.04099575 45.04  21.221787   2.101590 21.217 -100.00 -100.00 -100.00
 224   338.026 56872.95664758 37.30  21.218845   2.105472 17.460 -100.00 -100.00 -100.00
 224   338.009 56872.95664817 41.99  21.219738   2.102971 22.300 -100.00 -100.00 -100.00
 224   337.247 56872.95664876 47.12  21.220632   2.100469   -100 -100.00 -100.00 -100.00
 225   337.874 56882.87229770 38.75  21.218891   2.103521 19.420 -100.00 -100.00 -100.00
 225   337.401 56882.87229829 44.20  21.219784   2.101019   -100 -100.00 -100.00 -100.00
 226   337.812 56892.78794371 38.98  21.217989   2.104289 22.014 -100.00 -100.00 -100.00
 226   337.420 56892.78794430 44.25  21.218882   2.101787   -100 -100.00 -100.00 -100.00
 226   337.229 56892.78794489 48.32  21.219775   2.099286 11.129 -100.00 -100.00 -100.00
 227   338.033 56902.70358672 37.92  21.216283   2.104381 18.478 -100.00 -100.00 -100.00
 227   337.647 56902.70358731 41.95  21.217176   2.101879 31.086 -100.00 -100.00 -100.00
 227   337.487 56902.70358790 47.31  21.218070   2.099377   -100 -100.00 -100.00 -100.00
 228   337.592 56912.61922854 41.12  21.215224   2.102493 31.677 -100.00 -100.00 -100.00
 228   338.005 56912.61922913 47.20  21.216118   2.099992   -100 -100.00 -100.00 -100.00
 229   338.058 56922.53486834 38.04  21.215431   2.104550 19.406 -100.00 -100.00 -100.00
 229   338.025 56922.53486893 43.07  21.216324   2.102048 21.362 -100.00 -100.00 -100.00
 229   337.670 56922.53486952 48.31  21.217217   2.099547   -100 -100.00 -100.00 -100.00
 230   338.289 56932.45050645 38.97  21.218861   2.106047 22.060 -100.00 -100.00 -100.00
 230   338.444 56932.45050704 42.04  21.219754   2.103545 22.779 -100.00 -100.00 -100.00
 230   337.887 56932.45050763 47.02  21.220647   2.101043   -100 -100.00 -100.00 -100.00
 232   339.259 56952.28178382 40.97  21.225421   2.107037 15.447 -100.00 -100.00 -100.00
 232   338.117 56952.28178441 44.31  21.226315   2.104536   -100 -100.00 -100.00 -100.00
 233   338.922 56962.19743477 41.03  21.221481   2.106784 24.469 -100.00 -100.00 -100.00
 233   338.925 56962.19743536 44.94  21.222374   2.104282 28.808 -100.00 -100.00 -100.00
 234   339.396 56972.11308117 43.12  21.219276   2.104345 25.486 -100.00 -100.00 -100.00
 234   338.944 56972.11308176 47.36  21.220169   2.101843   -100 -100.00 -100.00 -100.00
 235   339.218 56982.02872288 42.15  21.219332   2.104590 25.506 -100.00 -100.00 -100.00
 235   339.034 56982.02872347 47.07  21.220225   2.102089   -100 -100.00 -100.00 -100.00
 236   339.240 56991.94436013 42.97  21.222613   2.105165 29.668 -100.00 -100.00 -100.00
 236   338.922 56991.94436072 48.18  21.223506   2.102664   -100 -100.00 -100.00 -100.00
 238   339.064 57011.77564974 40.88  21.223464   2.106961 21.897 -100.00 -100.00 -100.00
 238   338.697 57011.77565033 44.00  21.224358   2.104459   -100 -100.00 -100.00 -100.00
 239   338.807 57021.69130123 42.15  21.220548   2.105752 24.903 -100.00 -100.00 -100.00
 239   338.641 57021.69130182 46.52  21.221441   2.103251 31.391 -100.00 -100.00 -100.00
 240   338.264 57031.60695028 40.88  21.218581   2.104789 26.381 -100.00 -100.00 -100.00
 240   338.885 57031.60695087 45.14  21.219474   2.102288 19.247 -100.00 -100.00 -100.00
 240   337.946 57031.60695146 49.09  21.220367   2.099786   -100 -100.00 -100.00 -100.00
 241   338.199 57041.52259745 38.97  21.217892   2.105130 18.286 -100.00 -100.00 -100.00
 241   337.533 57041.52259804 43.03  21.218785   2.102629 31.447 -100.00 -100.00 -100.00
 241   337.272 57041.52259863 49.25  21.219679   2.100127   -100 -100.00 -100.00 -100.00
 242   336.945 57051.43824301 26.78  21.219113   2.104417 29.240 -100.00 -100.00 -100.00
 242   336.613 57051.43824360 28.01  21.220006   2.101915   -100 -100.00 -100.00 -100.00
 243   337.552 57061.35388425 41.22  21.221333   2.104772 22.596 -100.00 -100.00 -100.00
 243   337.396 57061.35388484 45.13  21.222226   2.102270 30.389 -100.00 -100.00 -100.00
 244   337.502 57071.26951973 40.18  21.223432   2.106079 22.272 -100.00 -100.00 -100.00
 244   337.055 57071.26952032 45.06  21.224325   2.103578   -100 -100.00 -100.00 -100.00
 245   338.169 57081.18515085 39.00  21.225334   2.107219 14.468 -100.00 -100.00 -100.00
 245   337.772 57081.18515144 43.02  21.226227   2.104718 20.343 -100.00 -100.00 -100.00
 247   337.321 57101.01645091 38.06  21.219971   2.105190 21.813 -100.00 -100.00 -100.00
 247   337.753 57101.01645150 44.30  21.220864   2.102688 19.486 -100.00 -100.00 -100.00
 248   337.013 57110.93210483 37.52  21.218522   2.104945 21.639 -100.00 -100.00 -100.00
 248   337.100 57110.93210542 43.17  21.219414   2.102444   -100 -100.00 -100.00 -100.00
 248   336.643 57110.93210601 54.60  21.220307   2.099943   -100 -100.00 -100.00 -100.00
 249   338.373 57120.84775299 37.34  21.219314   2.105588 19.726 -100.00 -100.00 -100.00
 249   338.122 57120.84775358 41.09  21.220207   2.103087 31.256 -100.00 -100.00 -100.00
 249   337.719 57120.84775417 46.51  21.221100   2.100586 14.066 -100.00 -100.00 -100.00
 250   338.747 57130.76339562 40.20  21.220114   2.105298 19.233 -100.00 -100.00 -100.00
 250   338.253 57130.76339621 44.38  21.221007   2.102797 30.019 -100.00 -100.00 -100.00
